11269 61188 10817
0 11
0 22
0 28
0 32
0 59
13 11
13 22
13 28
13 32
13 41
13 59
13 232
13 392
13 473
13 721
13 812
17 28
18 11
18 28
18 32
18 59
18 232
18 473
29 28
37 11
37 22
37 28
37 32
37 41
37 59
37 143
37 159
37 232
37 250
37 473
37 629
37 872
37 921
43 11
43 22
43 28
43 32
43 59
43 232
43 473
43 721
43 921
46 2
46 11
46 16
46 22
46 26
46 28
46 29
46 32
46 41
46 47
46 48
46 50
46 59
46 66
46 80
46 82
46 98
46 103
46 121
46 138
46 143
46 159
46 232
46 234
46 288
46 313
46 315
46 387
46 472
46 473
46 476
46 491
46 528
46 592
46 721
46 748
46 876
46 877
46 885
46 921
46 1065
52 28
53 11
53 28
53 32
53 59
53 232
55 28
63 11
63 22
63 28
64 11
64 28
64 59
64 232
74 32
74 232
74 315
76 11
76 28
76 32
76 59
76 232
78 28
78 32
78 59
81 11
81 22
81 28
81 32
81 4254
102 28
124 11
124 22
124 28
124 32
124 232
128 11
128 22
128 28
128 32
128 41
128 59
128 232
128 250
128 473
151 28
157 11
157 28
158 28
159 28
162 59
162 232
167 11
167 28
167 29
171 22
171 28
171 32
171 41
171 59
173 28
173 29
173 32
173 59
177 22
177 28
177 32
177 59
177 232
182 22
182 28
182 29
182 32
182 41
182 59
182 232
182 315
182 473
184 11
184 28
185 11
185 22
185 26
185 28
185 29
185 32
185 41
185 59
185 232
185 473
185 721
185 2751
189 11
189 28
189 59
191 28
195 11
195 15
195 22
195 26
195 28
195 29
195 32
195 41
195 47
195 59
195 80
195 103
195 121
195 138
195 141
195 143
195 232
195 250
195 315
195 387
195 472
195 473
195 643
195 721
195 748
195 885
195 921
197 28
203 32
203 300
213 28
218 28
231 11
231 28
235 11
235 28
240 28
246 28
271 28
271 32
274 28
288 28
295 28
298 28
299 28
327 28
334 28
335 11
335 28
335 32
335 59
335 232
355 28
355 32
355 59
355 232
355 300
357 11
357 22
357 28
357 32
367 11
367 15
367 22
367 26
367 28
367 29
367 32
367 41
367 47
367 48
367 50
367 51
367 59
367 66
367 80
367 82
367 98
367 99
367 103
367 121
367 130
367 138
367 141
367 143
367 159
367 232
367 234
367 250
367 294
367 296
367 300
367 303
367 313
367 339
367 387
367 465
367 473
367 476
367 643
367 721
367 747
367 765
367 812
367 849
367 885
367 921
367 929
367 994
367 1234
367 1333
367 1923
367 2021
367 3797
367 6549
367 6623
367 7609
367 8447
369 28
372 28
385 28
388 28
390 28
391 28
397 28
401 28
405 28
405 32
405 59
405 232
407 28
407 32
409 28
422 11
422 22
422 28
422 32
422 41
422 59
422 121
422 232
422 721
426 28
426 59
426 232
431 11
431 22
431 26
431 28
431 29
431 32
431 41
431 59
431 71
431 80
431 99
431 103
431 121
431 138
431 143
431 232
431 250
431 276
431 339
431 387
431 473
431 482
431 721
431 812
431 1017
431 1697
431 1903
431 2361
431 3507
431 3935
431 5552
431 9209
432 2
432 28
432 32
434 28
436 11
436 22
436 28
436 29
436 32
436 41
436 59
436 232
437 28
438 28
443 28
448 59
452 28
464 11
464 28
464 32
464 41
464 59
464 232
474 28
474 32
474 232
476 32
478 28
478 32
478 921
479 11
479 22
479 26
479 28
479 29
479 32
479 41
479 50
479 59
479 232
479 387
479 473
479 643
479 721
479 812
479 921
493 28
556 28
568 11
568 28
568 32
576 28
578 28
578 32
578 59
578 250
578 473
602 28
623 11
623 28
623 32
623 232
632 1466
632 3898
632 11715
632 11724
632 11726
632 11728
632 11729
632 11730
638 28
648 28
648 41
654 22
654 28
657 28
677 0
677 11
677 15
677 22
677 26
677 28
677 29
677 32
677 41
677 47
677 51
677 59
677 71
677 79
677 80
677 103
677 121
677 138
677 232
677 250
677 296
677 473
677 497
677 530
677 748
677 750
677 751
677 759
677 761
677 774
677 807
677 869
677 899
677 2116
677 2416
677 2787
677 2862
677 3719
677 3898
677 4057
677 4898
677 9067
677 9399
677 10132
677 10133
677 10689
677 10998
677 11208
677 11312
678 11
678 15
678 22
678 26
678 28
678 29
678 32
678 41
678 47
678 51
678 59
678 71
678 80
678 103
678 121
678 138
678 143
678 232
678 296
678 387
678 392
678 465
678 774
678 2116
678 2192
678 2647
678 2862
678 3898
678 7259
678 10422
679 11
679 15
679 22
679 24
679 26
679 27
679 28
679 29
679 32
679 41
679 47
679 51
679 59
679 71
679 80
679 103
679 121
679 138
679 141
679 143
679 232
679 250
679 296
679 387
679 465
679 473
679 530
679 774
679 899
679 921
679 1805
679 2862
679 3005
679 3898
679 4359
679 7259
679 8856
679 9067
679 9399
679 10132
679 10133
680 28
709 28
716 11
732 8
732 11
732 15
732 22
732 24
732 26
732 27
732 28
732 29
732 32
732 41
732 47
732 50
732 51
732 59
732 71
732 72
732 80
732 103
732 121
732 130
732 138
732 142
732 143
732 232
732 250
732 281
732 296
732 303
732 306
732 313
732 387
732 457
732 472
732 473
732 476
732 530
732 707
732 721
732 759
732 765
732 774
732 822
732 862
732 876
732 921
732 1029
732 1097
732 1154
732 1161
732 1364
732 1847
732 2116
732 2895
732 3001
732 3005
732 3719
732 3898
732 4057
732 4314
732 6790
732 7259
732 9067
732 10071
732 10373
732 10376
732 10377
732 10506
732 14343
744 28
765 28
766 28
766 32
770 28
775 28
779 11
779 22
779 28
781 28
841 28
846 28
852 28
852 59
864 28
864 32
864 232
907 11
907 22
907 28
907 32
907 41
907 59
907 80
907 121
907 472
907 473
907 14549
945 28
952 28
972 22
972 28
972 32
976 32
976 59
976 250
976 473
976 4299
995 28
995 15695
1001 28
1004 22
1004 28
1004 15742
1017 11343
1017 15861
1038 22
1038 2795
1041 28
1056 15
1056 28
1071 28
1085 28
1086 28
1086 32
1086 143
1102 28
1106 28
1133 28
1137 28
1156 41
1171 28
1179 11
1179 22
1179 28
1179 29
1179 32
1179 51
1179 59
1179 79
1179 80
1179 121
1179 232
1179 473
1179 10267
1197 28
1213 28
1250 28
1295 47
1295 59
1295 3780
1295 6295
1295 9507
1295 10283
1295 10627
1295 15614
1312 28
1333 194
1333 876
1333 1505
1333 3510
1333 3956
1333 4430
1333 4942
1333 5761
1333 6260
1333 6390
1333 6407
1333 7240
1333 7877
1333 8604
1333 10897
1333 11574
1333 11695
1333 11876
1333 11887
1333 12101
1333 13201
1333 14213
1333 14597
1333 14886
1333 15135
1333 16674
1333 17032
1333 17158
1333 17611
1333 17625
1333 17628
1333 17637
1333 17659
1333 17662
1333 17677
1333 17681
1333 17766
1334 32
1334 968
1354 28
1354 32
1354 59
1361 28
1361 32
1376 28
1393 28
1437 28
1471 28
1472 28
1474 28
1474 17822
1474 18607
1475 28
1495 28
1496 28
1562 28
1583 28
1599 11
1599 22
1599 28
1599 29
1599 32
1599 41
1599 59
1599 80
1599 6217
1599 6297
1599 10437
1599 17179
1619 28
1619 10267
1627 28
1651 11
1651 22
1651 28
1651 29
1651 32
1651 41
1651 47
1651 51
1651 80
1651 138
1651 147
1651 232
1651 250
1651 296
1651 392
1651 396
1651 473
1651 724
1651 765
1651 911
1651 968
1651 1305
1651 1417
1651 2213
1651 2613
1651 3625
1651 5510
1651 5534
1651 6262
1651 6375
1651 9151
1651 10214
1651 10570
1651 10598
1651 11228
1651 11229
1651 13915
1651 13930
1651 14706
1651 16323
1657 28
1705 28
1730 28
1749 22
1749 28
1749 13580
1751 11
1751 22
1751 28
1751 32
1751 79
1751 80
1751 774
1751 869
1751 4133
1751 10630
1751 10916
1779 28
1779 13580
1787 28
1795 28
1795 13580
1801 11
1801 22
1801 28
1801 29
1801 32
1801 41
1801 47
1801 51
1801 59
1801 71
1801 80
1801 121
1801 143
1801 147
1801 232
1801 250
1801 281
1801 387
1801 472
1801 473
1801 721
1801 921
1801 968
1801 994
1801 4361
1801 4697
1801 6363
1801 8137
1801 10267
1801 10359
1801 13580
1801 19702
1801 19703
1835 28
1837 28
1837 13580
1844 13580
1849 28
1868 28
1868 32
1882 28
1885 28
1897 28
1897 32
1897 41
1897 13580
1918 11
1918 28
1918 32
1918 47
1918 59
1918 147
1918 232
1918 1305
1918 13580
1918 16411
1929 13580
1935 28
1942 22
1942 28
1942 59
1942 13580
1971 28
1976 28
1976 13580
1978 28
2100 28
2111 28
2129 28
2144 28
2162 28
2168 28
2168 32
2215 32
2217 11
2217 22
2217 26
2217 28
2217 29
2217 32
2217 47
2217 59
2217 80
2217 147
2217 296
2217 387
2217 596
2217 1305
2217 5889
2217 5911
2217 6262
2217 10177
2217 13467
2217 18399
2231 28
2260 28
2291 28
2294 28
2295 28
2296 28
2296 59
2320 28
2337 28
2434 28
2440 28
2472 28
2475 28
2495 28
2524 28
2561 28
2582 28
2597 28
2606 28
2607 28
2608 28
2614 28
2630 28
2633 28
2638 28
2652 28
2681 28
2685 28
2702 22
2702 28
2702 32
2702 47
2702 1175
2740 28
2742 28
2748 28
2751 11
2751 22
2751 26
2751 28
2751 29
2751 32
2751 41
2751 43
2751 47
2751 50
2751 51
2751 59
2751 71
2751 80
2751 99
2751 103
2751 121
2751 141
2751 143
2751 232
2751 250
2751 281
2751 296
2751 313
2751 387
2751 438
2751 465
2751 721
2751 921
2751 1097
2751 1161
2751 2135
2751 2522
2751 3428
2751 4218
2751 4361
2751 4716
2751 5520
2751 6366
2751 7259
2751 7366
2751 9288
2751 10177
2751 10267
2751 10630
2751 10861
2751 11374
2751 11593
2751 11771
2751 13580
2751 20054
2795 11
2795 22
2795 26
2795 28
2795 29
2795 32
2795 41
2795 47
2795 59
2795 80
2795 103
2795 121
2795 138
2795 143
2795 232
2795 250
2795 281
2795 387
2795 396
2795 472
2795 473
2795 625
2795 721
2795 759
2795 765
2795 812
2795 876
2795 941
2795 968
2795 1899
2795 2527
2795 3719
2795 3798
2795 3811
2795 3945
2795 4299
2795 7440
2795 12232
2796 1
2796 11
2796 22
2796 26
2796 28
2796 29
2796 31
2796 32
2796 59
2796 80
2796 103
2796 121
2796 143
2796 232
2796 250
2796 472
2796 704
2796 721
2796 848
2796 860
2796 894
2796 946
2796 1634
2796 1899
2796 1986
2796 2376
2796 2527
2796 3697
2796 3719
2796 3811
2796 3945
2796 4120
2796 4299
2796 4432
2796 4753
2796 4862
2796 5674
2796 6796
2796 7339
2796 7440
2796 10910
2796 11156
2796 11568
2796 11680
2796 11724
2796 11728
2796 12443
2796 12609
2796 12984
2796 15333
2796 15865
2796 23791
2796 23800
2796 23809
2796 23811
2796 23812
2797 11
2797 15
2797 22
2797 26
2797 28
2797 29
2797 32
2797 41
2797 47
2797 51
2797 59
2797 80
2797 143
2797 232
2797 250
2797 472
2797 473
2797 476
2797 721
2797 751
2797 774
2797 10688
2797 23922
2798 11
2798 15
2798 22
2798 24
2798 26
2798 28
2798 29
2798 32
2798 41
2798 47
2798 50
2798 51
2798 59
2798 71
2798 80
2798 98
2798 99
2798 103
2798 121
2798 138
2798 141
2798 142
2798 143
2798 232
2798 234
2798 250
2798 272
2798 281
2798 313
2798 339
2798 387
2798 438
2798 472
2798 473
2798 721
2798 783
2798 876
2798 921
2798 968
2798 1014
2798 1027
2798 1171
2798 1986
2798 2582
2798 2862
2798 3005
2798 3719
2798 3933
2798 4334
2798 4760
2798 6214
2798 9405
2798 10676
2798 11086
2798 12172
2798 12209
2798 12336
2798 12752
2798 13669
2798 13776
2798 15078
2798 23693
2798 24020
2807 11
2807 15
2807 22
2807 26
2807 28
2807 29
2807 32
2807 41
2807 47
2807 59
2807 80
2807 103
2807 121
2807 138
2807 143
2807 232
2807 250
2807 281
2807 387
2807 396
2807 472
2807 473
2807 625
2807 721
2807 759
2807 765
2807 812
2807 876
2807 941
2807 968
2807 1899
2807 2376
2807 2527
2807 3719
2807 3798
2807 3811
2807 3945
2807 4299
2807 7440
2807 12232
2807 23714
2808 1
2808 11
2808 22
2808 28
2808 29
2808 31
2808 32
2808 59
2808 80
2808 103
2808 121
2808 143
2808 232
2808 250
2808 472
2808 704
2808 721
2808 848
2808 860
2808 894
2808 946
2808 1634
2808 1899
2808 1986
2808 2376
2808 2527
2808 3697
2808 3719
2808 3811
2808 3945
2808 4120
2808 4299
2808 4432
2808 4753
2808 4862
2808 5674
2808 6796
2808 7339
2808 7440
2808 10910
2808 11156
2808 11568
2808 11680
2808 11724
2808 11728
2808 12443
2808 12609
2808 12984
2808 15333
2808 15865
2808 23698
2808 23791
2808 23800
2808 23809
2808 23811
2808 23812
2821 28
2828 11
2828 15
2828 22
2828 26
2828 27
2828 28
2828 29
2828 32
2828 41
2828 47
2828 51
2828 59
2828 71
2828 72
2828 76
2828 79
2828 80
2828 103
2828 116
2828 121
2828 138
2828 141
2828 143
2828 232
2828 250
2828 296
2828 387
2828 392
2828 473
2828 476
2828 720
2828 744
2828 751
2828 760
2828 876
2828 968
2828 994
2828 1027
2828 1035
2828 1571
2828 1634
2828 2543
2828 2582
2828 4100
2828 10676
2828 11071
2828 11383
2828 12033
2828 12172
2828 13650
2828 15078
2829 8
2829 11
2829 15
2829 22
2829 26
2829 27
2829 28
2829 29
2829 32
2829 41
2829 47
2829 51
2829 59
2829 71
2829 80
2829 103
2829 121
2829 138
2829 141
2829 143
2829 232
2829 250
2829 272
2829 281
2829 313
2829 387
2829 472
2829 473
2829 530
2829 751
2829 774
2829 876
2829 968
2829 2543
2829 3005
2829 3719
2829 4057
2829 4100
2829 5046
2829 9067
2829 9398
2829 9399
2829 10500
2829 11208
2829 11689
2829 12105
2829 12336
2829 12343
2830 8
2830 11
2830 15
2830 22
2830 26
2830 27
2830 28
2830 29
2830 32
2830 41
2830 47
2830 51
2830 59
2830 71
2830 72
2830 79
2830 80
2830 103
2830 116
2830 121
2830 138
2830 141
2830 143
2830 232
2830 272
2830 387
2830 465
2830 473
2830 530
2830 532
2830 751
2830 760
2830 774
2830 1417
2830 2543
2830 3811
2830 4100
2830 6410
2830 7259
2830 9067
2830 9399
2830 11208
2830 11383
2830 12105
2830 12172
2830 12343
2830 13776
2831 8
2831 11
2831 15
2831 22
2831 26
2831 27
2831 28
2831 29
2831 32
2831 41
2831 47
2831 51
2831 59
2831 71
2831 72
2831 79
2831 80
2831 103
2831 116
2831 121
2831 138
2831 141
2831 143
2831 232
2831 250
2831 281
2831 387
2831 472
2831 473
2831 530
2831 721
2831 751
2831 774
2831 822
2831 921
2831 968
2831 2543
2831 2613
2831 4100
2831 4299
2831 6410
2831 9399
2831 11208
2831 11383
2831 12105
2831 12172
2831 12343
2831 24244
2832 11
2832 15
2832 22
2832 26
2832 28
2832 29
2832 32
2832 41
2832 47
2832 51
2832 59
2832 71
2832 79
2832 80
2832 103
2832 121
2832 138
2832 141
2832 143
2832 232
2832 250
2832 281
2832 387
2832 472
2832 473
2832 721
2832 774
2832 876
2832 921
2832 968
2832 1020
2832 2543
2832 2671
2832 3005
2832 4760
2832 10676
2832 12172
2835 28
2836 25160
2851 22
2851 28
2851 32
2877 6237
2879 6237
2886 3
2886 11
2886 22
2886 26
2886 28
2886 29
2886 32
2886 41
2886 47
2886 51
2886 59
2886 71
2886 80
2886 103
2886 121
2886 143
2886 232
2886 234
2886 250
2886 281
2886 472
2886 473
2886 721
2886 751
2886 921
2886 968
2886 994
2886 11167
2886 12977
2911 28
2911 32
2911 12962
2932 98
2932 12336
2932 23736
2932 24365
2960 28
2997 11
2997 28
2997 1805
2997 11195
2997 15406
2997 23693
2997 24264
3015 473
3019 28
3031 28
3032 28
3033 1097
3049 28
3055 98
3055 12336
3055 23734
3078 14471
3080 28
3095 28
3103 28
3152 28
3152 24194
3157 4245
3164 28
3185 28
3186 28
3195 28
3196 28
3208 28
3211 28
3227 28
3258 12618
3327 28
3331 28
3341 22
3341 28
3343 28
3360 28
3368 28
3411 28
3642 1024
3647 4361
3653 1024
3707 3452
3707 4971
3707 6262
3707 27488
3707 27979
3707 28013
3747 28
3747 298
3747 485
3747 810
3747 901
3747 3824
3747 10575
3747 12803
3747 28133
3748 4361
3792 28
3809 28
3891 28
3895 28
3908 65
3911 5080
3911 9626
3951 22
3981 28
3984 28
3997 22
3997 28
3997 32
4000 28
4002 28
4002 32
4012 28
4018 22
4018 28
4035 28
4037 473
4045 28
4053 28
4058 28
4090 28
4093 28
4094 28
4096 28
4100 28
4106 28
4107 28
4134 22
4134 28
4142 28
4144 28
4150 28
4171 28
4185 28
4194 28
4201 28
4206 28
4207 28
4216 28
4218 28
4219 28
4233 28
4234 28
4239 28
4251 28
4254 32
4297 28
4326 28
4344 22
4344 28
4344 41
4371 28
4382 22
4382 28
4385 22
4385 28
4385 32
4425 28
4428 22
4428 28
4433 11
4433 22
4433 26
4433 28
4433 29
4433 32
4433 41
4433 59
4433 80
4433 121
4433 473
4433 3329
4433 29011
4434 32
4434 79
4434 761
4434 2683
4434 8419
4436 11
4436 22
4436 26
4436 28
4436 29
4436 32
4436 59
4436 159
4437 11
4437 22
4437 26
4437 28
4437 29
4437 32
4437 41
4437 47
4437 50
4437 51
4437 59
4437 80
4437 103
4437 121
4437 142
4437 143
4437 159
4437 232
4437 250
4437 296
4437 313
4437 387
4437 472
4437 473
4437 721
4437 748
4437 921
4437 968
4437 1119
4437 8065
4437 10199
4437 13384
4437 27238
4437 27240
4437 29168
4438 11
4438 28
4443 28
4445 28
4451 28
4473 28
4476 28
4479 28
4486 28
4487 28
4497 28
4519 28
4536 28
4546 28
4563 11
4563 15
4563 22
4563 26
4563 28
4563 29
4563 32
4563 41
4563 47
4563 51
4563 59
4563 80
4563 103
4563 121
4563 143
4563 232
4563 234
4563 250
4563 387
4563 473
4563 885
4563 921
4563 968
4563 3329
4563 16627
4563 26759
4563 29200
4563 31248
4564 28
4602 28
4619 28
4629 28
4643 28
4689 28
4702 28
4704 1399
4707 28
4711 28
4717 28
4722 28
4738 28
4747 28
4760 28
4769 28
4793 28
4856 28
4856 32
4856 41
4866 28
4869 28
4910 28
4910 32
4936 28
4941 28
4953 28
4953 32
4954 32
4962 28
4981 28
4989 28
4996 28
4996 32
4996 643
5042 28
5047 28
5049 22
5049 28
5049 32
5049 41
5049 47
5050 28
5092 28
5092 32
5100 28
5119 28
5125 28
5125 32
5138 28
5139 28
5150 28
5157 28
5160 11
5160 22
5160 28
5160 29
5160 32
5160 80
5160 232
5160 2882
5161 28
5164 28
5165 28
5165 143
5172 1395
5175 28
5185 28
5185 32
5190 28
5190 32
5190 41
5190 59
5190 232
5205 28
5214 11
5214 22
5214 28
5214 29
5214 32
5214 51
5214 80
5214 2828
5222 28
5235 22
5235 28
5235 29
5240 28
5244 28
5259 28
5259 32
5273 28
5278 28
5278 32
5285 28
5295 28
5295 32
5295 232
5302 28
5305 28
5330 28
5336 28
5337 17382
5337 21225
5360 28
5369 11
5369 15
5369 22
5369 28
5369 29
5369 32
5369 50
5369 59
5369 159
5369 232
5369 300
5369 765
5369 2376
5374 11
5374 22
5374 28
5374 29
5375 28
5381 28
5394 28
5394 300
5406 28
5413 28
5442 28
5450 28
5454 11
5454 22
5454 28
5454 300
5454 721
5461 28
5470 11
5470 28
5478 28
5480 28
5481 22
5481 28
5481 32
5483 28
5492 28
5503 28
5521 28
5548 22
5548 28
5548 32
5548 59
5551 28
5559 28
5565 28
5588 28
5598 28
5610 28
5619 28
5682 28
5692 28
5696 28
5696 32
5697 28
5697 300
5701 28
5729 28
5732 28
5737 28
5739 28
5743 28
5743 59
5743 232
5745 28
5745 32
5747 22
5747 28
5747 29
5747 32
5749 28
5750 28
5752 28
5762 106
5762 582
5762 1394
5762 2246
5763 582
5766 28
5766 29
5766 32
5770 28
5773 28
5774 28
5780 28
5800 28
5811 22
5811 28
5811 29
5811 32
5811 41
5811 47
5811 296
5811 300
5811 1820
5811 3948
5813 28
5820 28
5822 28
5831 28
5835 22
5835 28
5841 28
5846 28
5846 29
5856 28
5861 28
5873 22
5873 28
5873 29
5873 32
5873 765
5875 28
5881 28
5882 28
5891 28
5902 28
5907 28
5908 28
5914 11
5914 15
5914 22
5914 26
5914 27
5914 28
5914 29
5914 32
5914 41
5914 47
5914 51
5914 59
5914 69
5914 80
5914 103
5914 121
5914 136
5914 138
5914 143
5914 232
5914 296
5914 387
5914 455
5914 465
5914 643
5914 765
5914 774
5914 921
5914 1024
5914 1394
5914 1395
5914 1575
5914 2002
5914 2286
5914 2376
5914 2582
5914 2828
5914 3087
5914 4272
5914 4320
5914 4322
5914 4455
5914 5330
5914 6143
5914 6262
5914 6404
5914 9290
5914 9623
5914 10294
5914 19973
5914 27144
5914 27300
5914 28725
5914 35303
5914 35607
5914 36039
5914 36040
5915 29
5916 28
5917 28
5923 28
5934 28
5957 28
5965 28
5965 32
5966 28
5969 28
5971 28
5971 32
5971 232
5971 473
5972 32
5972 232
5972 473
5979 11
5979 28
5979 32
5979 232
5979 473
5985 28
5986 28
5986 300
5994 28
5995 28
5995 29
6000 28
6009 11
6009 22
6009 28
6011 296
6011 17811
6012 106
6012 582
6019 11
6019 28
6025 296
6025 17811
6030 582
6030 9852
6034 28
6035 2286
6035 5569
6035 9162
6035 12512
6060 28
6076 28
6078 11
6078 22
6078 28
6078 29
6078 32
6078 41
6078 47
6078 50
6078 80
6078 232
6078 294
6078 296
6078 300
6078 643
6078 3948
6078 33113
6078 34384
6085 28
6085 29
6085 300
6090 28
6093 28
6099 22
6099 28
6101 296
6101 17811
6104 29
6116 28
6117 643
6117 4455
6117 5155
6117 5569
6117 5575
6117 5712
6117 5762
6117 6237
6117 6756
6117 7929
6117 8245
6117 12035
6117 12258
6117 12443
6117 16017
6117 16037
6117 18163
6117 18681
6117 18904
6117 20910
6117 27855
6117 32215
6117 34632
6117 34633
6120 28
6120 32
6120 473
6125 28
6140 22
6140 28
6140 29
6140 15603
6150 28
6153 28
6155 28
6160 28
6164 28
6170 28
6173 28
6175 28
6178 28
6179 11
6179 22
6179 28
6179 29
6179 32
6186 11
6186 22
6186 28
6186 29
6186 32
6186 47
6186 296
6186 906
6186 3581
6186 6957
6191 11
6191 22
6191 28
6191 29
6191 32
6191 300
6191 643
6191 19973
6192 28
6192 300
6207 28
6230 28
6238 28
6240 28
6242 28
6246 28
6248 28
6261 28
6268 28
6296 28
6296 32
6296 300
6297 28
6298 28
6304 28
6304 32
6309 28
6310 28
6318 28
6325 28
6326 28
6341 28
6343 28
6349 11
6349 22
6349 28
6349 29
6349 32
6349 41
6349 59
6349 80
6349 721
6349 2350
6349 2726
6349 37623
6349 37628
6350 11
6350 22
6350 28
6350 29
6350 32
6350 41
6350 51
6350 59
6350 80
6350 121
6350 143
6350 232
6350 250
6350 476
6350 721
6350 2350
6350 2412
6350 37623
6350 37628
6351 11
6351 22
6351 28
6351 29
6351 32
6351 59
6351 473
6351 37623
6358 28
6362 28
6364 22
6364 28
6364 59
6364 99
6364 121
6364 296
6364 681
6364 692
6364 869
6364 3341
6364 3387
6364 4846
6364 8090
6364 10754
6364 11574
6364 13979
6364 15135
6364 16864
6364 17607
6364 17721
6364 18621
6364 37771
6381 11
6381 15
6381 22
6381 24
6381 26
6381 28
6381 29
6381 32
6381 41
6381 47
6381 48
6381 50
6381 51
6381 59
6381 71
6381 80
6381 100
6381 103
6381 121
6381 138
6381 140
6381 142
6381 143
6381 232
6381 250
6381 281
6381 288
6381 296
6381 313
6381 387
6381 392
6381 457
6381 473
6381 476
6381 535
6381 721
6381 750
6381 760
6381 822
6381 921
6381 968
6381 1027
6381 2363
6381 3698
6381 3719
6381 4281
6381 4427
6381 5265
6381 5411
6381 6339
6381 9172
6381 9394
6381 9396
6381 25006
6381 37723
6382 11
6382 15
6382 22
6382 26
6382 28
6382 29
6382 32
6382 41
6382 47
6382 51
6382 59
6382 80
6382 103
6382 121
6382 136
6382 138
6382 143
6382 232
6382 250
6382 281
6382 387
6382 473
6382 476
6382 530
6382 643
6382 721
6382 750
6382 760
6382 1027
6382 1256
6382 1360
6382 2170
6382 2304
6382 2412
6382 2457
6382 2582
6382 3698
6382 3719
6382 3831
6382 3902
6382 4257
6382 5265
6382 7764
6382 9067
6382 9394
6382 9396
6382 9399
6382 9943
6382 10406
6382 12082
6382 12084
6382 19652
6382 25006
6383 11
6383 15
6383 22
6383 26
6383 28
6383 29
6383 32
6383 41
6383 43
6383 47
6383 48
6383 50
6383 51
6383 59
6383 66
6383 71
6383 80
6383 82
6383 99
6383 103
6383 121
6383 138
6383 143
6383 159
6383 232
6383 234
6383 250
6383 313
6383 387
6383 465
6383 466
6383 472
6383 473
6383 476
6383 643
6383 721
6383 748
6383 750
6383 751
6383 765
6383 774
6383 849
6383 876
6383 885
6383 911
6383 921
6383 941
6383 968
6383 994
6383 1002
6383 1027
6383 2460
6383 2687
6383 4257
6383 4281
6383 4422
6383 5265
6383 6339
6383 9168
6383 9396
6383 37723
6383 37873
6386 28
6389 11
6389 22
6389 28
6389 29
6389 32
6389 59
6389 765
6389 37624
6390 22
6391 11
6391 22
6391 28
6391 29
6391 32
6391 59
6391 765
6391 37624
6396 28
6397 11
6397 22
6397 28
6397 29
6397 32
6397 59
6397 765
6397 37624
6399 28
6401 11
6401 22
6401 28
6401 32
6401 41
6401 59
6401 765
6401 37624
6404 11
6404 22
6404 28
6404 29
6404 32
6404 59
6404 765
6404 37624
6409 11
6409 28
6411 11
6411 22
6411 28
6411 32
6411 143
6412 11
6412 28
6412 32
6413 28
6414 11
6414 28
6414 32
6418 28
6419 28
6419 32
6428 22
6428 28
6428 32
6431 28
6431 59
6431 476
6432 28
6433 11
6433 22
6433 26
6433 28
6433 32
6433 59
6434 11
6434 22
6434 28
6434 32
6434 59
6434 232
6434 476
6434 2350
6434 3576
6435 11
6435 22
6435 26
6435 28
6435 29
6435 32
6435 59
6435 80
6435 143
6435 232
6435 506
6435 1161
6435 1563
6435 2350
6435 7763
6435 37649
6436 28
6436 59
6437 28
6438 11
6438 22
6438 28
6438 29
6438 32
6438 41
6438 51
6438 59
6438 80
6438 143
6438 232
6438 250
6438 387
6438 802
6438 2350
6439 11
6439 22
6439 28
6439 29
6439 32
6439 59
6440 11
6440 22
6440 28
6440 29
6461 28
6463 28
6464 28
6467 28
6467 32
6487 11
6487 22
6487 28
6487 29
6487 32
6487 41
6487 59
6487 143
6487 232
6487 250
6487 765
6487 37624
6490 28
6490 32
6491 28
6496 28
6500 11
6500 28
6500 32
6505 11
6505 28
6505 32
6505 59
6505 232
6507 28
6518 7349
6518 12862
6518 29371
6523 28
6526 28
6531 28
6536 11
6536 22
6536 28
6536 29
6536 32
6536 41
6536 59
6536 80
6536 143
6536 159
6536 232
6536 250
6536 472
6536 721
6536 921
6543 28
6545 28
6545 32
6548 22
6548 28
6548 32
6548 765
6550 28
6553 28
6560 11
6560 28
6565 32
6566 28
6568 28
6570 28
6570 32
6603 28
6611 28
6611 473
6612 22
6612 28
6612 32
6614 11
6614 22
6614 28
6614 32
6614 41
6614 59
6614 232
6616 28
6629 22
6629 28
6637 11
6637 22
6637 28
6637 29
6637 32
6637 41
6637 59
6637 80
6637 143
6637 232
6637 250
6637 765
6637 37624
6641 22
6641 28
6641 32
6641 59
6641 2350
6644 11
6644 22
6644 28
6644 32
6644 143
6645 28
6657 28
6659 28
6660 28
6668 28
6668 32
6670 11
6670 28
6670 32
6672 28
6672 32
6675 11
6675 28
6675 232
6696 22
6696 28
6698 11
6698 22
6698 28
6700 28
6710 11
6710 22
6710 28
6710 29
6710 32
6710 80
6710 9976
6710 10133
6717 28
6725 28
6731 28
6736 28
6739 32
6740 28
6748 28
6749 28
6753 28
6754 28
6759 11
6759 22
6759 28
6759 29
6759 32
6759 41
6759 59
6759 66
6759 143
6759 232
6759 418
6759 473
6759 721
6759 1015
6759 1483
6759 2308
6759 11132
6764 28
6770 28
6773 28
6773 32
6779 28
6786 28
6786 32
6791 28
6794 28
6794 32
6796 8
6796 11
6796 15
6796 22
6796 27
6796 28
6796 29
6796 59
6796 80
6796 774
6796 783
6796 1568
6796 2302
6796 3069
6796 4359
6796 7366
6796 9067
6796 9396
6802 28
6802 32
6803 28
6820 28
6821 28
6826 28
6831 28
6846 28
6848 11
6848 22
6848 28
6848 29
6848 32
6848 47
6848 59
6848 80
6848 143
6848 296
6848 765
6851 22
6851 26
6851 28
6851 32
6851 59
6851 2350
6854 28
6856 28
6858 28
6873 28
6873 32
6879 28
6879 59
6882 28
6883 28
6891 28
6899 11
6899 28
6899 143
6903 28
6903 32
6906 28
6917 22
6917 28
6917 32
6923 28
6934 28
6937 28
6939 28
6956 28
6967 28
6970 28
6978 28
6980 28
6981 28
6987 28
7017 28
7024 28
7025 28
7025 32
7028 28
7030 28
7031 28
7098 28
7107 28
7109 11
7109 15
7109 22
7109 24
7109 26
7109 28
7109 29
7109 32
7109 34
7109 41
7109 47
7109 50
7109 51
7109 59
7109 71
7109 72
7109 80
7109 99
7109 103
7109 121
7109 138
7109 141
7109 142
7109 143
7109 159
7109 232
7109 238
7109 250
7109 281
7109 296
7109 303
7109 306
7109 313
7109 339
7109 387
7109 396
7109 437
7109 438
7109 457
7109 465
7109 472
7109 473
7109 476
7109 535
7109 682
7109 721
7109 748
7109 765
7109 812
7109 818
7109 862
7109 876
7109 885
7109 921
7109 941
7109 968
7109 1029
7109 1035
7109 1166
7109 1214
7109 1399
7109 1412
7109 1575
7109 1862
7109 2117
7109 2246
7109 2543
7109 2729
7109 3054
7109 3852
7109 4066
7109 4308
7109 6700
7109 10697
7109 10986
7109 11810
7109 13012
7109 14779
7109 16938
7109 19556
7109 20691
7109 20874
7109 22188
7109 22246
7109 27680
7109 40169
7109 40340
7111 28
7115 28
7126 28
7129 28
7139 28
7149 28
7150 28
7157 28
7168 28
7197 28
7201 28
7219 28
7225 11
7225 22
7225 28
7225 29
7225 32
7225 41
7225 59
7225 121
7225 4066
7225 26878
7225 40169
7226 28
7235 28
7246 28
7249 28
7250 28
7276 28
7276 29
7276 32
7276 59
7276 2122
7281 28
7301 28
7306 28
7309 28
7363 28
7364 28
7365 28
7370 28
7382 28
7414 11
7414 28
7440 28
7473 28
7495 28
7511 28
7517 28
7531 28
7531 473
7572 32
7590 41
7613 28
7613 32
7625 22
7625 28
7625 32
7625 232
7625 994
7625 5600
7629 11
7629 22
7629 28
7629 29
7629 32
7629 720
7635 28
7636 28
7643 28
7644 11
7644 28
7644 232
7645 11
7645 22
7645 26
7645 28
7645 29
7645 32
7645 41
7645 59
7645 80
7645 99
7645 473
7645 968
7645 4955
7645 7366
7646 11
7646 15
7646 22
7646 28
7646 32
7646 41
7646 47
7646 51
7646 59
7646 121
7646 473
7646 968
7646 31847
7647 28
7648 11
7648 22
7648 28
7648 29
7648 32
7648 47
7648 59
7648 80
7648 473
7648 968
7648 4955
7651 2122
7651 4386
7651 41912
7657 28
7665 11
7686 11
7686 28
7691 11
7691 28
7714 22
7714 32
7717 28
7722 22
7722 28
7725 28
7730 11
7730 28
7736 28
7745 11
7745 28
7747 28
7751 28
7751 29
7757 28
7761 22
7761 28
7768 11
7768 28
7786 11
7786 28
7786 32
7786 12056
7789 28
7791 11
7791 28
7796 11
7800 28
7800 29
7806 28
7807 11
7807 22
7807 28
7807 29
7807 32
7809 11
7809 22
7809 28
7809 29
7809 32
7824 28
7837 11
7837 28
7841 28
7841 32
7842 11
7842 59
7849 11
7849 22
7849 28
7849 32
7849 41
7855 28
7856 28
7860 11
7860 28
7860 29
7860 32
7860 59
7860 232
7866 28
7881 11
7881 22
7881 28
7881 29
7881 32
7881 473
7903 28
7908 79
7908 774
7909 79
7909 774
7909 869
7915 28
7929 28
7929 32
7943 28
7948 28
7948 32
7952 28
7956 11
7956 15
7956 22
7956 28
7956 29
7956 32
7956 51
7956 59
7956 80
7956 103
7956 121
7956 250
7956 281
7956 296
7956 387
7956 643
7956 662
7956 3471
7956 5949
7956 38904
7956 43252
7956 43253
7957 11
7957 15
7957 22
7957 26
7957 28
7957 29
7957 32
7957 51
7957 59
7957 80
7957 103
7957 121
7957 232
7957 250
7957 274
7957 281
7957 306
7957 625
7957 1559
7957 1806
7957 2941
7957 3804
7957 5949
7957 6243
7957 6575
7957 17575
7957 43254
7958 11
7958 22
7958 26
7958 28
7958 29
7958 32
7958 80
7958 232
7958 514
7958 3631
7958 5211
7958 7992
7958 14188
7958 21278
7959 11
7959 15
7959 22
7959 28
7959 29
7959 32
7959 51
7959 59
7959 80
7959 103
7959 121
7959 143
7959 232
7959 765
7959 1333
7959 1666
7959 2468
7959 3134
7959 5211
7959 5949
7959 41389
7968 11
7968 28
7968 32
7968 41
7970 28
7973 17643
7983 28
8003 28
8020 28
8043 28
8053 11
8053 28
8056 11
8056 22
8056 28
8056 29
8056 32
8056 80
8056 8350
8057 28
8060 28
8069 28
8071 11
8071 22
8071 28
8071 29
8071 32
8071 41
8071 59
8071 80
8071 143
8071 250
8071 721
8071 42661
8075 22
8075 28
8078 11
8078 22
8078 26
8078 28
8078 29
8078 32
8078 41
8078 47
8078 51
8078 59
8078 71
8078 80
8078 82
8078 121
8078 143
8078 159
8078 232
8078 250
8078 313
8078 387
8078 472
8078 473
8078 721
8078 765
8078 921
8078 994
8078 42661
8100 28
8109 11
8109 28
8109 29
8109 32
8109 59
8122 28
8126 11
8126 28
8127 28
8129 11
8130 11
8130 22
8130 28
8130 29
8130 32
8130 47
8130 59
8130 1635
8131 11
8131 22
8131 28
8131 29
8131 32
8131 80
8131 1635
8132 11
8132 22
8132 28
8132 29
8132 32
8132 80
8132 143
8132 765
8132 5405
8132 31640
8134 11
8134 22
8134 28
8134 29
8134 32
8134 80
8136 22
8136 28
8136 1635
8136 5405
8137 22
8137 28
8137 32
8137 59
8138 11
8138 15
8138 22
8138 28
8138 29
8138 32
8138 41
8138 47
8138 51
8138 103
8138 232
8138 387
8138 455
8138 643
8138 662
8138 1635
8138 4274
8138 4817
8138 5101
8138 7398
8138 10302
8138 12473
8138 12482
8138 13498
8138 13871
8138 27798
8138 44038
8139 11
8139 22
8139 28
8139 29
8139 32
8139 59
8139 80
8141 11
8141 28
8141 32
8141 2457
8142 22
8142 28
8142 32
8142 774
8142 1635
8142 5405
8143 11
8143 22
8143 28
8143 29
8143 32
8143 59
8143 80
8143 1635
8143 2456
8143 2567
8143 2582
8144 11
8144 22
8144 26
8144 27
8144 28
8144 29
8144 32
8144 47
8144 59
8144 80
8144 103
8144 121
8144 296
8144 760
8144 1635
8144 2862
8144 5405
8144 9067
8145 11
8145 22
8145 28
8145 29
8145 32
8145 47
8145 80
8145 103
8145 1635
8145 10081
8148 11
8148 22
8148 47
8148 80
8148 171
8148 392
8148 1635
8148 12484
8151 28
8155 28
8155 59
8158 28
8177 28
8190 22
8190 28
8197 28
8204 28
8209 485
8209 5712
8209 8922
8217 11
8217 28
8219 28
8222 28
8225 28
8228 11
8228 28
8228 32
8228 296
8233 28
8237 11
8237 22
8237 28
8237 32
8237 232
8237 812
8244 28
8244 32
8245 28
8246 11
8246 28
8247 11
8247 22
8247 28
8247 32
8247 41
8247 51
8247 232
8247 473
8247 968
8258 28
8265 28
8266 28
8278 28
8282 11
8282 28
8282 1635
8301 28
8306 28
8314 28
8316 11
8316 28
8316 32
8318 28
8330 28
8342 11
8342 22
8342 28
8342 32
8342 80
8342 143
8342 765
8343 28
8343 473
8350 11
8350 22
8350 28
8350 32
8350 41
8350 59
8350 232
8350 473
8378 28
8396 28
8408 28
8424 28
8425 28
8429 28
8438 28
8449 28
8463 32
8467 28
8488 28
8489 28
8494 11
8494 28
8494 32
8497 28
8500 28
8506 11
8506 22
8506 28
8506 32
8506 812
8507 28
8507 32
8508 28
8508 32
8518 28
8519 28
8520 28
8521 28
8534 11
8534 22
8534 28
8534 29
8534 32
8534 41
8534 59
8534 232
8534 300
8536 28
8536 32
8538 28
8550 28
8552 28
8557 28
8574 28
8575 28
8578 28
8586 28
8587 28
8598 11
8598 28
8606 28
8624 28
8624 32
8626 28
8631 11
8631 22
8631 28
8631 29
8631 32
8632 28
8633 22
8633 28
8633 32
8634 28
8637 11
8637 28
8641 28
8647 28
8647 47
8648 11
8648 28
8648 32
8650 11
8650 28
8660 28
8662 11
8662 28
8662 29
8662 32
8666 11
8666 15
8666 22
8666 26
8666 28
8666 29
8666 30
8666 32
8666 41
8666 47
8666 48
8666 50
8666 51
8666 59
8666 80
8666 103
8666 143
8666 250
8666 296
8666 387
8666 465
8666 466
8666 643
8666 765
8666 921
8666 1635
8666 2376
8666 2862
8666 5943
8666 9769
8666 10134
8666 12694
8666 15753
8667 28
8670 11
8670 28
8687 28
8696 28
8708 11
8708 22
8708 26
8708 28
8708 29
8708 32
8708 41
8708 59
8708 143
8708 159
8708 232
8708 294
8708 789
8708 1897
8708 2141
8708 44453
8711 774
8711 7571
8711 7572
8711 10377
8715 28
8718 11
8718 22
8718 28
8727 11
8727 22
8727 28
8727 29
8727 32
8727 41
8727 51
8727 59
8727 80
8727 143
8727 232
8727 234
8727 315
8727 387
8727 473
8727 488
8727 721
8727 765
8727 781
8727 812
8727 948
8729 28
8738 11
8738 28
8738 32
8738 59
8740 11
8740 28
8741 28
8744 28
8746 28
8746 32
8746 59
8747 11
8747 28
8747 32
8747 59
8748 11
8748 28
8748 32
8759 11
8759 28
8764 11
8764 22
8764 28
8764 32
8764 300
8765 28
8767 28
8767 32
8767 59
8767 232
8771 11
8771 28
8771 32
8773 11
8773 22
8773 28
8773 32
8773 59
8773 315
8779 11
8779 22
8779 28
8779 29
8779 32
8779 59
8779 232
8780 22
8780 28
8783 11
8783 22
8783 28
8783 29
8783 32
8783 41
8783 232
8783 300
8783 643
8783 40270
8788 28
8793 232
8796 28
8801 32
8806 28
8808 11
8808 28
8808 32
8809 28
8810 28
8811 28
8817 11
8817 22
8817 28
8817 29
8817 32
8823 28
8827 11
8827 28
8827 32
8829 11
8829 22
8829 28
8829 59
8829 232
8830 59
8836 11
8836 22
8836 28
8836 32
8836 41
8836 59
8836 232
8840 28
8843 11
8843 28
8844 11
8844 28
8844 32
8844 59
8845 28
8854 32
8854 59
8857 32
8862 32
8865 11
8865 22
8865 28
8865 32
8865 59
8865 232
8866 11
8873 11
8873 22
8873 28
8873 32
8881 11
8881 59
8889 28
8891 11
8891 28
8892 28
8893 28
8893 32
8893 232
8898 11
8898 22
8898 28
8898 59
8899 11
8899 22
8899 26
8899 28
8899 29
8899 32
8899 41
8899 47
8899 50
8899 59
8899 159
8899 232
8899 720
8899 721
8899 1360
8899 2715
8899 8351
8902 32
8902 232
8904 28
8913 28
8914 28
8914 32
8915 28
8915 32
8917 28
8918 28
8918 32
8919 28
8931 11
8931 22
8931 28
8931 29
8931 32
8931 59
8931 232
8936 28
8942 11
8942 28
8942 29
8942 315
8943 28
8944 28
8948 11
8948 28
8949 11
8949 32
8949 59
8949 232
8949 812
8951 11
8951 22
8951 26
8951 28
8951 29
8951 32
8951 41
8951 59
8951 232
8951 250
8951 6705
8953 28
8954 28
8956 28
8957 11
8957 28
8960 28
8963 11
8963 22
8963 28
8963 29
8963 32
8963 59
8963 232
8963 721
8963 1360
8963 3818
8966 28
8972 11
8972 22
8972 28
8972 32
8972 232
8976 11
8976 28
8976 29
8980 41
8981 32
8983 11
8983 28
8983 32
8983 59
8989 28
8991 11
8991 22
8991 28
8991 29
8991 32
8991 59
8991 232
8991 721
8992 11
8992 22
8992 28
8992 29
8992 32
8992 41
8992 59
8992 232
8992 300
8992 473
8992 4186
9001 11
9001 28
9001 29
9001 32
9001 41
9001 59
9001 812
9003 473
9006 28
9006 32
9006 41
9006 59
9006 232
9007 11
9007 22
9007 26
9007 28
9007 29
9007 32
9007 59
9007 232
9007 473
9007 643
9007 721
9007 1360
9007 1923
9011 28
9014 11
9014 22
9014 28
9014 29
9014 30
9014 32
9014 232
9014 315
9014 473
9018 11
9018 28
9024 32
9024 812
9025 11
9025 22
9025 28
9025 47
9026 28
9027 11
9027 28
9027 32
9027 59
9027 232
9027 744
9032 22
9032 28
9034 28
9037 28
9039 32
9039 59
9039 232
9039 300
9039 473
9049 32
9049 59
9049 232
9050 28
9051 28
9052 28
9053 28
9058 22
9058 28
9058 32
9064 28
9067 28
9068 28
9069 28
9075 28
9079 22
9082 11
9082 28
9082 32
9083 11
9083 22
9083 28
9083 29
9083 32
9083 41
9083 59
9083 232
9083 300
9085 28
9086 28
9087 28
9088 28
9088 59
9088 232
9095 11
9095 28
9095 29
9095 32
9095 41
9095 59
9095 232
9095 250
9095 721
9095 744
9096 28
9099 28
9104 28
9106 22
9106 28
9106 32
9106 232
9107 11
9107 28
9107 29
9107 59
9107 232
9109 11
9109 22
9109 28
9109 29
9109 32
9109 59
9109 232
9109 721
9109 812
9109 19008
9115 28
9119 473
9122 11
9122 28
9122 32
9122 294
9122 300
9126 11
9126 28
9126 32
9126 59
9126 232
9126 473
9127 28
9127 59
9139 28
9143 11
9143 28
9146 28
9148 11
9148 28
9148 32
9148 59
9148 232
9148 1131
9149 28
9150 11
9150 28
9150 232
9153 11
9153 28
9153 29
9153 32
9153 232
9157 32
9161 11
9167 28
9169 11
9169 28
9169 765
9173 28
9173 32
9179 32
9187 11
9187 22
9187 28
9187 29
9187 32
9187 51
9187 59
9187 315
9187 387
9188 28
9189 22
9189 28
9192 28
9192 32
9195 28
9200 28
9201 11
9201 28
9201 32
9201 59
9201 232
9201 315
9201 473
9201 721
9202 28
9205 11
9205 28
9205 32
9206 28
9206 32
9206 232
9208 473
9214 28
9215 11
9215 22
9215 28
9215 32
9215 41
9215 59
9215 232
9218 28
9221 28
9231 11
9231 22
9231 28
9231 29
9231 32
9231 232
9232 28
9234 11
9234 28
9235 28
9237 11
9237 22
9237 28
9237 32
9243 28
9244 28
9246 11
9246 22
9246 28
9246 232
9247 28
9251 11
9251 22
9251 28
9251 29
9251 32
9251 41
9251 59
9251 232
9251 643
9252 11
9252 22
9252 28
9252 29
9252 32
9252 232
9257 28
9259 11
9259 15
9259 22
9259 28
9259 29
9259 32
9259 41
9259 59
9259 128
9259 232
9259 721
9259 3490
9259 5366
9259 5637
9264 11
9264 28
9264 32
9264 59
9270 28
9270 32
9270 59
9270 232
9270 315
9270 721
9272 11
9272 28
9272 32
9272 232
9273 28
9276 28
9276 32
9279 28
9283 28
9283 32
9284 28
9285 11
9285 22
9285 28
9285 29
9285 32
9285 232
9293 28
9294 11
9294 22
9294 28
9294 32
9294 59
9294 143
9294 812
9295 11
9295 28
9295 32
9295 643
9295 15164
9302 28
9302 32
9304 28
9304 32
9304 59
9304 232
9305 11
9305 22
9305 28
9305 29
9305 32
9305 41
9305 59
9305 80
9305 232
9305 300
9305 311
9305 315
9305 472
9305 643
9305 721
9305 921
9305 1002
9308 11
9308 22
9308 28
9308 32
9311 28
9312 28
9313 28
9317 28
9321 11
9321 22
9321 28
9321 29
9321 32
9327 28
9329 28
9334 22
9334 28
9334 294
9338 11
9338 22
9338 26
9338 28
9338 29
9338 32
9338 59
9338 80
9338 103
9338 232
9338 460
9338 1144
9338 1523
9338 1575
9338 5593
9338 6409
9338 13971
9338 47908
9341 28
9346 28
9365 11
9365 28
9370 28
9373 28
9385 11
9385 28
9386 28
9393 11
9393 28
9397 22
9397 28
9397 32
9401 28
9402 28
9402 32
9405 28
9405 59
9406 11
9406 28
9407 28
9408 11
9408 22
9408 28
9408 32
9411 11
9411 32
9412 28
9413 28
9414 11
9414 22
9414 28
9414 29
9414 32
9424 28
9425 28
9426 28
9426 32
9431 28
9437 28
9439 28
9440 11
9440 22
9440 28
9440 29
9440 32
9440 41
9440 50
9440 51
9440 59
9440 232
9440 387
9440 473
9440 2587
9440 31033
9441 11
9441 22
9441 28
9441 29
9441 32
9441 232
9449 11
9449 28
9449 32
9452 28
9462 11
9462 28
9462 32
9469 28
9471 28
9471 29
9471 32
9471 232
9471 473
9473 11
9473 28
9478 11
9478 28
9481 32
9482 28
9485 28
9489 11
9489 28
9489 29
9489 32
9489 41
9489 59
9493 11
9493 28
9493 32
9494 11
9494 22
9494 28
9494 29
9494 32
9494 41
9494 232
9494 300
9494 311
9494 643
9494 1144
9495 11
9495 22
9495 28
9495 32
9495 59
9495 38350
9499 22
9499 28
9499 32
9500 28
9502 11
9502 22
9502 28
9502 29
9502 32
9509 11
9509 22
9509 28
9509 32
9509 59
9509 143
9509 1002
9509 38350
9510 28
9510 29
9510 32
9520 11
9520 22
9520 28
9520 32
9520 232
9521 28
9521 32
9521 41
9521 232
9521 473
9524 11
9524 22
9524 28
9524 32
9532 28
9535 11
9535 28
9535 232
9536 11
9536 22
9536 28
9536 29
9536 32
9536 41
9536 59
9536 232
9536 244
9536 38350
9538 28
9538 32
9538 28452
9539 28
9547 11
9547 22
9547 28
9547 29
9547 32
9547 59
9547 103
9547 121
9547 1144
9547 1181
9547 48001
9548 28
9551 28
9553 28
9566 11
9566 28
9566 32
9567 28
9568 28
9574 28
9577 28
9578 28
9578 32
9583 28
9586 28
9588 11
9588 28
9592 28
9595 28
9597 11
9597 28
9597 32
9598 28
9598 232
9600 473
9602 473
9605 28
9606 28
9607 28
9607 232
9609 28
9612 28
9612 473
9613 11
9613 28
9614 32
9616 11
9616 22
9616 28
9616 29
9616 32
9616 51
9616 59
9616 80
9616 103
9616 121
9616 143
9616 232
9616 238
9616 250
9616 387
9616 612
9616 948
9616 2270
9616 3500
9616 3945
9616 4741
9616 7271
9616 9290
9616 47918
9616 48749
9618 28
9622 28
9626 28
9631 28
9633 28
9646 28
9655 28
9660 28
9662 28
9665 11
9665 28
9666 11
9666 22
9666 28
9666 29
9666 32
9666 47
9666 643
9666 10452
9666 14258
9666 14579
9666 38732
9676 11
9676 22
9676 28
9676 32
9676 41
9676 59
9676 143
9676 159
9683 28
9684 11
9684 28
9684 32
9685 11
9685 28
9685 29
9685 32
9685 473
9685 921
9698 11
9698 28
9698 28452
9714 28
9719 28
9734 22
9734 28
9734 29
9736 28
9741 28
9742 28
9743 28
9745 28
9750 28
9752 28
9757 11
9757 22
9757 28
9757 29
9757 32
9757 41
9757 59
9757 159
9757 232
9757 250
9757 473
9757 643
9757 662
9757 748
9758 28
9758 232
9779 11
9779 22
9779 28
9779 29
9779 32
9779 38350
9785 28
9788 28
9789 28
9789 159
9790 28
9791 28
9793 22
9793 28
9793 32
9798 28
9810 28
9821 28
9823 28
9824 28
9824 32
9824 159
9824 473
9828 28
9829 28
9836 11
9836 15
9836 22
9836 26
9836 28
9836 29
9836 32
9836 47
9836 51
9836 59
9836 80
9836 87
9836 103
9836 108
9836 121
9836 138
9836 143
9836 167
9836 232
9836 250
9836 274
9836 296
9836 410
9836 473
9836 721
9836 1027
9836 1144
9836 1360
9836 1505
9836 1523
9836 1825
9836 2308
9836 2911
9836 3719
9836 4308
9836 5428
9836 6325
9836 14027
9836 17828
9836 28710
9836 33131
9836 38732
9836 39411
9838 28
9841 22
9841 26
9841 28
9841 32
9841 59
9841 473
9844 28
9846 11
9846 28
9846 232
9846 1360
9850 28
9853 28
9858 28
9862 28
9862 32
9865 11
9865 22
9865 28
9865 29
9870 11
9870 22
9870 28
9870 29
9870 32
9871 11
9871 28
9872 28
9874 28
9877 28
9881 28
9883 11
9883 22
9883 26
9883 28
9883 29
9885 28
9886 11
9886 28
9886 29
9886 32
9886 59
9886 232
9886 473
9888 11
9888 28
9888 29
9888 32
9888 59
9888 232
9888 473
9889 11
9889 22
9889 26
9889 28
9889 29
9889 32
9889 47
9889 48
9889 51
9889 103
9889 387
9889 473
9889 662
9889 885
9889 21187
9889 47539
9891 11
9891 28
9896 28
9897 11
9897 22
9897 28
9897 32
9898 11
9898 22
9898 28
9898 29
9898 32
9898 47
9898 159
9898 232
9898 296
9898 300
9898 311
9898 643
9898 662
9898 812
9898 994
9899 11
9899 28
9899 29
9899 32
9899 232
9899 473
9899 721
9900 28
9901 11
9901 22
9901 28
9901 29
9901 32
9901 41
9901 232
9901 473
9901 721
9903 28
9904 11
9904 22
9904 28
9904 29
9904 32
9904 300
9904 6422
9904 49222
9905 11
9908 1469
9915 28
9917 28
9918 11
9918 22
9918 28
9918 29
9918 32
9918 47
9918 30431
9919 28
9920 28
9934 11
9934 15
9934 22
9934 26
9934 28
9934 29
9934 30
9934 32
9934 41
9934 43
9934 47
9934 48
9934 50
9934 51
9934 59
9934 66
9934 71
9934 80
9934 82
9934 83
9934 98
9934 99
9934 103
9934 121
9934 130
9934 138
9934 143
9934 159
9934 232
9934 234
9934 294
9934 296
9934 300
9934 303
9934 311
9934 313
9934 339
9934 367
9934 385
9934 388
9934 437
9934 450
9934 472
9934 473
9934 474
9934 475
9934 476
9934 491
9934 622
9934 629
9934 643
9934 662
9934 721
9934 747
9934 748
9934 781
9934 791
9934 812
9934 813
9934 821
9934 827
9934 837
9934 839
9934 849
9934 862
9934 885
9934 886
9934 905
9934 911
9934 921
9934 929
9934 994
9934 1002
9934 1014
9934 1017
9934 1123
9934 1234
9934 1318
9934 1333
9934 1412
9934 1473
9934 1734
9934 1914
9934 1922
9934 2037
9934 2955
9934 6421
9934 6423
9934 35445
9934 49901
9934 49904
9935 22
9935 28
9935 29
9935 41
9944 28
9945 11
9945 22
9945 28
9945 32
9945 59
9945 232
9947 11
9947 22
9947 28
9947 29
9947 32
9947 59
9947 157
9947 232
9947 514
9947 2294
9947 2767
9948 11
9948 22
9948 28
9949 28
9950 11
9950 22
9950 28
9950 29
9950 32
9950 662
9950 812
9953 28
9957 28
9961 28
9962 11
9962 28
9962 29
9963 28
9963 32
9964 28
9969 28
9969 50187
9973 11
9973 22
9973 28
9973 32
9973 41
9973 59
9973 232
9973 4751
9974 28
9977 11
9977 22
9977 28
9977 32
9977 143
9977 765
9977 4751
9978 11
9978 22
9978 26
9978 28
9978 29
9978 32
9978 59
9978 473
9978 721
9981 11
9981 28
9981 32
9981 59
9981 4751
9983 11
9983 28
9990 11
9990 22
9990 28
9990 29
9990 32
9990 812
9991 28
9991 29
9992 28
9995 28
9996 28
9996 32
10000 22
10000 28
10000 4751
10003 28
10006 11
10006 28
10007 11
10007 28
10007 29
10008 11
10008 28
10009 28
10010 22
10010 28
10010 32
10013 28
10015 28
10017 28
10020 11
10020 28
10022 28
10024 11
10024 22
10024 28
10024 32
10024 41
10024 59
10024 232
10024 4751
10028 28
10028 32
10031 11
10031 28
10031 29
10031 32
10031 812
10033 11
10033 28
10035 37881
10036 28
10038 11
10038 32
10041 11
10041 22
10041 28
10041 32
10041 59
10041 232
10045 11
10045 22
10045 28
10047 22
10047 28
10048 11
10048 22
10048 28
10048 29
10048 32
10048 59
10048 80
10048 103
10048 47539
10053 28
10055 28
10058 11
10058 28
10058 32
10060 22
10060 28
10060 32
10063 11
10063 22
10063 28
10063 29
10063 32
10063 812
10064 28
10064 29
10065 11
10065 15
10065 22
10065 28
10065 29
10065 32
10065 41
10065 47
10065 50
10065 51
10065 80
10065 82
10065 98
10065 99
10065 138
10065 159
10065 232
10065 234
10065 294
10065 296
10065 300
10065 311
10065 339
10065 367
10065 388
10065 473
10065 476
10065 643
10065 662
10065 747
10065 748
10065 781
10065 812
10065 849
10065 876
10065 886
10065 929
10065 994
10065 1002
10065 1014
10065 1017
10065 1234
10065 1333
10065 1914
10065 6423
10065 35445
10066 11
10066 15
10066 22
10066 26
10066 28
10066 29
10066 30
10066 32
10066 41
10066 43
10066 47
10066 48
10066 50
10066 51
10066 59
10066 66
10066 71
10066 80
10066 82
10066 98
10066 99
10066 103
10066 121
10066 138
10066 143
10066 159
10066 232
10066 234
10066 250
10066 294
10066 296
10066 300
10066 303
10066 311
10066 339
10066 367
10066 387
10066 388
10066 450
10066 466
10066 472
10066 473
10066 474
10066 475
10066 476
10066 491
10066 622
10066 643
10066 662
10066 691
10066 721
10066 747
10066 748
10066 766
10066 781
10066 791
10066 812
10066 813
10066 821
10066 827
10066 837
10066 849
10066 862
10066 876
10066 885
10066 886
10066 905
10066 911
10066 921
10066 929
10066 992
10066 994
10066 1002
10066 1014
10066 1017
10066 1027
10066 1076
10066 1234
10066 1333
10066 1412
10066 1911
10066 1914
10066 1922
10066 2149
10066 6421
10066 6423
10066 47539
10066 47541
10066 49898
10067 11
10067 22
10067 28
10067 32
10068 28
10074 11
10074 28
10075 28
10076 28
10076 29
10077 11
10077 22
10077 28
10077 29
10077 32
10077 41
10077 103
10077 473
10077 643
10077 47539
10078 11
10078 22
10078 28
10078 29
10078 5366
10078 6415
10078 36511
10078 49153
10079 28
10080 28
10084 28
10093 11
10093 28
10093 29
10093 32
10093 59
10099 11
10099 22
10099 28
10099 29
10099 32
10099 41
10099 47
10099 159
10099 232
10099 296
10099 311
10099 643
10099 662
10099 747
10099 748
10099 781
10099 812
10099 5637
10103 28
10109 11
10109 22
10109 28
10109 29
10109 32
10110 11
10110 22
10110 28
10110 29
10110 32
10110 59
10110 232
10110 47539
10110 49364
10111 11
10111 22
10111 28
10111 29
10111 32
10112 11
10112 22
10112 28
10112 32
10119 28
10120 28
10121 11
10121 28
10123 11
10123 15
10123 22
10123 28
10123 29
10123 32
10123 47
10123 48
10123 51
10123 80
10123 82
10123 101
10123 103
10123 159
10123 232
10123 387
10123 643
10123 662
10123 1951
10123 2294
10123 2367
10123 3449
10123 27608
10125 11
10125 22
10125 28
10125 29
10125 1951
10127 28
10128 28
10128 29
10128 32
10138 11
10138 22
10138 28
10138 29
10138 32
10138 159
10138 232
10138 643
10138 748
10147 28
10149 28
10151 28
10155 10122
10157 28
10160 28
10161 11
10161 22
10161 28
10161 29
10161 32
10161 59
10161 232
10162 28
10162 32
10162 300
10163 28
10163 32
10164 11
10164 22
10164 28
10164 29
10164 32
10165 11
10165 22
10165 28
10165 29
10165 103
10165 49281
10166 11
10166 28
10167 11
10167 22
10167 28
10167 29
10167 32
10168 11
10168 22
10168 28
10168 29
10168 32
10172 22
10172 28
10172 29
10172 32
10172 232
10172 473
10172 10046
10172 17931
10174 28
10174 29
10176 28
10177 28
10177 32
10180 28
10180 32
10180 17931
10184 11
10184 22
10184 28
10184 29
10184 32
10184 59
10184 315
10192 28
10192 29
10192 32
10192 300
10193 28
10196 11
10196 22
10196 28
10196 29
10196 32
10196 41
10196 47
10196 66
10196 159
10196 232
10196 643
10196 662
10196 748
10200 28
10204 11
10204 28
10205 11
10205 22
10205 28
10205 29
10205 32
10206 11
10206 22
10206 28
10206 29
10207 28
10226 28
10226 32
10228 11
10228 28
10228 32
10228 11345
10229 28
10229 32
10231 28
10235 28
10236 11
10236 15
10236 22
10236 26
10236 28
10236 29
10236 30
10236 32
10236 41
10236 43
10236 47
10236 48
10236 50
10236 51
10236 59
10236 66
10236 71
10236 80
10236 82
10236 98
10236 99
10236 103
10236 121
10236 138
10236 143
10236 159
10236 232
10236 234
10236 250
10236 294
10236 296
10236 300
10236 303
10236 311
10236 339
10236 387
10236 388
10236 472
10236 473
10236 474
10236 475
10236 476
10236 573
10236 643
10236 662
10236 721
10236 744
10236 747
10236 748
10236 781
10236 812
10236 849
10236 862
10236 876
10236 885
10236 886
10236 911
10236 920
10236 921
10236 929
10236 992
10236 994
10236 1002
10236 1017
10236 1027
10236 1234
10236 1333
10236 1914
10236 3632
10236 47541
10236 49527
10236 49711
10239 11
10239 15
10239 22
10239 28
10239 29
10239 32
10239 80
10239 99
10239 101
10239 103
10239 232
10239 250
10239 300
10239 643
10239 662
10239 2010
10239 36260
10239 47539
10247 28
10247 32
10248 28
10248 32
10249 28
10249 32
10251 11
10251 28
10253 11
10253 28
10253 514
10253 2767
10254 22
10254 28
10255 22
10255 28
10257 11
10257 22
10257 28
10258 11
10258 22
10258 28
10258 29
10258 32
10258 232
10258 311
10258 662
10258 47539
10259 11
10259 22
10259 28
10259 1951
10262 28
10266 32
10269 11
10269 28
10269 32
10275 28
10277 473
10279 473
10280 473
10281 11
10281 22
10281 28
10281 29
10281 32
10281 59
10281 232
10281 473
10282 11
10282 15
10282 22
10282 26
10282 28
10282 29
10282 32
10282 41
10282 47
10282 59
10282 83
10282 99
10282 159
10282 232
10282 296
10282 300
10282 311
10282 339
10282 473
10282 476
10282 643
10282 662
10282 748
10282 812
10282 849
10282 862
10282 929
10282 992
10282 994
10282 1123
10282 1234
10282 1333
10282 1412
10282 1473
10282 6421
10282 50663
10283 11
10283 28
10283 32
10283 59
10283 5116
10284 11
10284 22
10284 28
10284 29
10284 32
10284 643
10284 662
10284 2294
10285 28
10287 28
10287 32
10290 28
10295 11
10295 28
10297 11
10297 28
10304 28
10305 11
10305 28
10305 473
10309 28
10310 11
10310 28
10311 11
10311 22
10311 28
10311 29
10311 32
10311 59
10311 103
10311 473
10311 721
10312 11
10312 22
10312 28
10312 29
10312 32
10312 59
10312 103
10312 473
10312 721
10313 28
10315 11
10315 22
10315 28
10315 29
10316 11
10316 22
10316 28
10316 29
10316 32
10317 11
10317 22
10317 26
10317 28
10317 29
10317 32
10317 59
10317 80
10317 232
10317 473
10317 721
10317 968
10317 4751
10322 11
10325 11
10325 28
10328 28
10329 22
10329 812
10329 1412
10331 28
10343 11
10343 22
10343 28
10343 29
10343 32
10343 49838
10345 28
10350 28
10373 28
10379 11
10379 22
10379 28
10379 29
10379 32
10379 748
10379 812
10381 28
10387 11
10387 28
10388 11
10388 22
10388 28
10388 29
10388 32
10388 1951
10388 2055
10389 11
10389 22
10389 28
10389 29
10392 28
10394 11
10394 22
10394 28
10394 29
10397 28
10403 28
10407 28
10408 28
10409 28
10412 28
10419 28
10421 28
10423 28
10430 22
10430 28
10430 32
10434 22
10434 28
10434 32
10434 232
10434 473
10438 28
10445 28
10447 28
10447 32
10449 28
10449 32
10460 11
10460 15
10460 22
10460 24
10460 26
10460 28
10460 29
10460 32
10460 41
10460 47
10460 48
10460 50
10460 51
10460 59
10460 80
10460 98
10460 103
10460 136
10460 141
10460 143
10460 159
10460 179
10460 181
10460 232
10460 234
10460 250
10460 296
10460 387
10460 448
10460 465
10460 466
10460 643
10460 662
10460 721
10460 748
10460 765
10460 885
10460 889
10460 911
10460 920
10460 921
10460 929
10460 1002
10460 1318
10460 2270
10460 4118
10460 4155
10460 4592
10460 4964
10460 9924
10460 9990
10460 11015
10460 12792
10460 18297
10460 20630
10460 45817
10460 47733
10460 52158
10460 52160
10464 28
10465 28
10470 28
10477 11
10477 22
10477 28
10477 32
10477 59
10477 232
10477 812
10480 28
10484 32
10486 11
10486 22
10486 28
10486 29
10486 32
10486 41
10486 59
10486 80
10486 232
10486 473
10487 28
10492 32
10494 11
10494 22
10494 28
10494 29
10494 32
10494 41
10494 47
10494 51
10494 59
10494 80
10494 143
10494 159
10494 232
10494 250
10494 300
10494 303
10494 387
10494 465
10494 473
10494 475
10494 476
10494 629
10494 643
10494 721
10494 748
10494 812
10494 885
10494 921
10494 1123
10494 1505
10494 3384
10494 52307
10507 11
10507 22
10507 28
10507 29
10507 32
10507 121
10517 28
10517 41
10519 28
10519 32
10519 59
10519 232
10525 28
10525 32
10527 28
10532 11
10532 28
10533 28
10533 473
10534 11
10534 15
10534 22
10534 24
10534 26
10534 28
10534 29
10534 32
10534 41
10534 47
10534 50
10534 51
10534 59
10534 71
10534 80
10534 87
10534 98
10534 103
10534 121
10534 141
10534 143
10534 159
10534 232
10534 234
10534 250
10534 296
10534 298
10534 303
10534 313
10534 387
10534 465
10534 466
10534 473
10534 474
10534 476
10534 530
10534 629
10534 643
10534 721
10534 748
10534 765
10534 781
10534 812
10534 822
10534 876
10534 921
10534 929
10534 1002
10534 1022
10534 1123
10534 1201
10534 1412
10534 1462
10534 2227
10534 2368
10534 3093
10534 3384
10534 4299
10534 4646
10534 4701
10534 6786
10534 10133
10534 10409
10534 12788
10534 21187
10534 26804
10535 28
10536 28
10537 28
10541 11
10541 15
10541 22
10541 28
10541 29
10541 32
10541 41
10541 232
10541 774
10541 869
10541 10651
10541 16253
10546 11
10546 22
10546 28
10546 29
10546 32
10546 41
10546 59
10546 80
10546 232
10546 387
10546 473
10546 721
10546 921
10546 968
10546 1148
10555 11
10555 28
10559 22
10559 28
10559 32
10559 59
10561 11
10561 28
10561 29
10561 32
10561 643
10566 28
10574 28
10581 28
10583 28
10585 11
10585 22
10585 26
10585 28
10585 29
10585 32
10585 41
10585 47
10585 51
10585 59
10585 66
10585 71
10585 80
10585 143
10585 159
10585 232
10585 234
10585 250
10585 298
10585 384
10585 387
10585 464
10585 472
10585 473
10585 476
10585 629
10585 765
10585 781
10585 812
10585 921
10585 1412
10585 3378
10585 3384
10585 15529
10586 11
10586 22
10586 28
10586 29
10586 32
10586 59
10588 11
10588 22
10588 28
10589 11
10589 22
10589 26
10589 28
10589 29
10589 32
10589 41
10589 59
10589 66
10589 80
10589 82
10589 143
10589 159
10589 232
10589 234
10589 250
10589 384
10589 464
10589 473
10589 765
10589 812
10589 876
10589 921
10589 4508
10589 7707
10590 11
10590 22
10590 26
10590 28
10590 29
10590 32
10590 41
10590 47
10590 50
10590 51
10590 59
10590 71
10590 80
10590 121
10590 143
10590 159
10590 232
10590 250
10590 296
10590 300
10590 303
10590 387
10590 465
10590 466
10590 472
10590 473
10590 475
10590 476
10590 643
10590 721
10590 748
10590 765
10590 812
10590 837
10590 862
10590 876
10590 885
10590 921
10590 929
10590 1123
10590 1318
10590 1333
10590 1412
10590 1505
10590 1544
10590 3384
10590 7707
10590 52307
10591 28
10592 28
10596 11
10596 28
10596 32
10604 11
10604 22
10604 28
10604 29
10604 32
10604 41
10604 232
10606 28
10618 28
10619 28
10626 28
10629 22
10629 28
10629 32
10637 28
10637 32
10643 28
10643 32
10648 11
10648 22
10648 28
10648 29
10648 32
10648 41
10648 59
10648 80
10648 232
10648 294
10648 387
10648 721
10648 16640
10649 28
10650 11
10650 22
10650 26
10650 28
10650 29
10650 32
10650 41
10650 47
10650 50
10650 51
10650 59
10650 121
10650 143
10650 159
10650 232
10650 238
10650 250
10650 294
10650 296
10650 300
10650 303
10650 465
10650 466
10650 473
10650 474
10650 476
10650 629
10650 643
10650 721
10650 748
10650 765
10650 812
10650 837
10650 885
10650 921
10650 929
10650 1123
10650 1157
10650 1412
10650 3384
10650 10133
10650 10266
10650 22307
10650 35688
10652 28
10653 11
10653 28
10653 29
10653 32
10653 41
10653 59
10664 28
10665 11
10665 22
10665 28
10665 29
10665 32
10665 47
10665 66
10665 232
10665 473
10665 921
10665 7707
10667 28
10669 28
10673 28
10674 11
10674 22
10674 28
10674 29
10674 32
10674 232
10674 9623
10675 11
10675 28
10675 32
10675 59
10675 232
10675 2203
10675 3031
10678 28
10678 32
10679 11
10679 22
10679 28
10680 11
10680 28
10680 29
10680 32
10680 59
10680 232
10680 473
10681 11
10681 22
10681 26
10681 28
10681 29
10681 32
10681 41
10681 47
10681 50
10681 51
10681 59
10681 80
10681 121
10681 143
10681 159
10681 232
10681 250
10681 296
10681 300
10681 303
10681 311
10681 313
10681 387
10681 465
10681 466
10681 472
10681 473
10681 475
10681 476
10681 629
10681 643
10681 662
10681 721
10681 748
10681 812
10681 813
10681 862
10681 876
10681 885
10681 921
10681 1002
10681 1123
10681 1333
10681 1412
10681 1505
10681 1544
10681 3137
10681 3384
10681 52307
10683 11
10683 22
10683 28
10683 32
10683 59
10686 28
10695 28
10706 28
10706 32
10707 32
10716 28
10719 22
10719 28
10721 28
10734 28
10740 28
10741 28
10745 28
10746 28
10761 28
10766 28
10769 28
10769 32
10773 28
10773 32
10776 28
10795 28
10796 28
10797 28
10798 11
10798 28
10798 29
10798 32
10798 59
10798 232
10798 1144
10798 1523
10801 28
10801 32
10803 28
10806 28
10807 11
10807 22
10807 28
10807 29
10807 32
10807 41
10807 47
10807 51
10807 59
10807 143
10807 159
10807 232
10807 473
10807 721
10807 921
10807 2246
10814 11
10814 22
10814 28
10814 29
10814 32
10814 41
10814 232
10814 250
10814 812
10815 11
10815 22
10815 28
10815 29
10815 32
10815 41
10815 80
10815 781
10818 11
10818 28
10818 32
10818 59
10818 232
10826 22
10826 28
10826 32
10829 11
10829 28
10829 29
10829 32
10829 16575
10830 28
10830 32
10832 11
10832 22
10832 28
10832 16575
10846 28
10848 11
10848 22
10848 28
10848 29
10848 32
10848 41
10848 59
10848 232
10848 4828
10849 28
10850 11
10850 28
10850 29
10850 32
10850 41
10850 59
10851 11
10851 22
10851 28
10851 29
10851 32
10851 159
10851 16575
10854 28
10860 32
10862 11
10862 28
10862 29
10862 32
10862 159
10864 28
10866 28
10870 28
10874 28
10874 32
10874 232
10882 28
10894 28
10898 11
10898 22
10898 28
10898 29
10898 32
10900 28
10900 32
10900 232
10900 473
10902 11
10902 28
10902 59
10903 28
10903 32
10903 59
10903 232
10909 18468
10910 28
10915 28
10918 11
10918 22
10918 28
10918 29
10918 32
10918 41
10918 59
10918 232
10918 473
10926 11
10926 22
10926 28
10926 32
10931 28
10936 11
10936 22
10936 26
10936 28
10936 29
10936 32
10936 41
10936 47
10936 50
10936 51
10936 59
10936 80
10936 99
10936 103
10936 121
10936 143
10936 232
10936 250
10936 294
10936 300
10936 387
10936 473
10936 643
10936 721
10936 767
10936 812
10936 921
10936 994
10936 2716
10936 3797
10936 7932
10936 8493
10936 16864
10938 11
10938 22
10938 28
10938 32
10941 28
10941 59
10942 28
10943 28
10943 32
10943 232
10944 11
10944 22
10944 28
10944 29
10944 32
10944 59
10944 232
10946 11
10946 28
10946 29
10946 7560
10947 11
10947 22
10947 26
10947 28
10947 29
10947 32
10947 300
10947 1644
10947 53273
10949 11
10949 22
10949 28
10951 28
10953 28
10957 28
10965 28
10966 232
10968 11
10968 22
10968 28
10968 29
10968 32
10968 232
10979 28
10982 473
10986 28
10986 32
10988 11
10988 28
10992 11
10992 22
10992 28
10992 29
10992 32
10992 59
10992 232
10993 11
10993 28
10997 11
10997 22
10997 26
10997 28
10997 29
10997 32
10997 59
10997 232
10997 315
10997 721
10997 812
10997 1923
10997 5190
10999 11
10999 28
10999 32
10999 59
10999 232
11010 22
11010 28
11010 32
11014 11
11014 22
11014 28
11014 29
11014 32
11014 232
11017 11
11017 28
11017 32
11018 11
11018 22
11018 28
11018 29
11018 32
11023 22
11023 28
11023 32
11023 41
11023 232
11027 32
11030 22
11030 28
11038 28
11038 121
11039 28
11039 232
11044 28
11044 32
11044 473
11052 11
11052 28
11053 11
11053 22
11053 28
11053 29
11053 32
11053 59
11053 232
11053 473
11056 28
11056 59
11057 11
11057 22
11057 28
11057 29
11057 32
11057 59
11057 232
11057 473
11073 22
11073 28
11073 32
11074 11
11074 28
11074 32
11074 232
11079 11
11079 22
11079 28
11079 29
11079 32
11079 2184
11081 28
11085 28
11091 11
11091 22
11091 28
11091 32
11091 59
11092 28
11094 11
11094 22
11094 28
11096 28
11109 28
11111 11
11111 28
11111 32
11112 11
11112 22
11112 28
11112 29
11112 32
11112 232
11112 1360
11118 11
11118 22
11118 28
11120 11
11120 22
11120 28
11120 32
11120 159
11120 232
11120 473
11120 765
11133 11
11133 28
11144 28
11156 28
11156 32
11160 11
11160 22
11160 28
11160 29
11160 59
11166 28
11167 11
11167 22
11167 28
11167 32
11167 232
11167 473
11173 11
11173 22
11173 28
11173 29
11173 32
11173 41
11173 59
11173 232
11174 22
11174 28
11177 11
11177 22
11177 28
11177 32
11177 41
11177 59
11177 232
11177 473
11177 849
11177 876
11177 968
11177 994
11179 11
11179 22
11179 28
11179 29
11179 32
11179 59
11179 232
11179 387
11179 662
11179 46559
11180 28
11181 28
11192 28
11192 32
11192 59
11192 232
11193 11
11193 28
11201 11
11201 22
11201 28
11201 29
11201 32
11201 232
11209 28
11210 11
11210 22
11210 28
11210 32
11210 232
11211 28
11211 32
11213 28
11220 11
11220 22
11220 28
11220 32
11224 28
11232 11
11232 22
11232 28
11232 32
11232 232
11234 28
11234 32
11234 159
11234 232
11235 28
11244 22
11244 28
11244 32
11244 59
11244 473
11244 1923
11245 11
11245 28
11245 32
11245 1360
11248 22
11248 28
11248 32
11249 28
11249 32
11251 11
11251 28
11256 11
11256 22
11256 28
11256 32
11257 28
11262 22
11262 28
11262 32
11262 232
11263 28
3 22
3 28
3 59
7 28
7 59
11 11
11 28
11 32
12 11
12 28
13 28
23 28
28 473
29 11
29 28
38 28
38 32
38 473
44 28
51 28
54 28
57 11
57 28
70 28
71 11
71 22
71 28
71 29
71 32
71 159
71 232
71 300
71 643
71 1923
74 190
75 28
79 28
87 11
87 22
87 28
88 28
100 28
100 32
104 28
110 11
110 28
110 232
115 28
115 32
118 11
118 28
118 29
118 32
118 41
118 232
118 473
125 11
125 28
125 32
125 59
125 232
130 28
130 32
131 11
131 22
131 28
131 32
131 232
137 473
141 28
141 32
141 59
141 232
143 11
143 22
143 28
143 32
143 41
143 59
143 232
143 473
148 28
149 11
149 28
149 32
149 59
150 11
150 22
150 28
150 32
150 41
150 59
150 232
150 473
150 642
150 721
158 28
158 59
158 232
165 11
165 28
166 11
166 28
174 11
174 22
174 28
174 29
174 32
174 59
174 138
174 143
174 232
174 250
174 721
180 11
180 22
180 26
180 28
180 29
180 32
180 59
180 232
180 250
184 11
184 28
184 32
184 41
184 59
184 232
186 11
186 28
193 28
193 32
193 59
193 473
199 59
200 28
203 11
203 22
203 28
203 29
203 32
203 103
203 387
203 5023
206 28
214 11
214 28
214 32
228 28
231 28
242 11
242 22
242 28
242 29
245 28
247 11
247 28
247 32
247 473
248 11
248 22
248 26
248 28
248 29
248 32
248 41
248 50
248 51
248 59
248 80
248 141
248 143
248 232
248 250
248 315
248 387
248 473
248 618
248 642
248 721
248 17947
257 28
261 11
261 22
261 26
261 28
261 29
261 32
261 41
261 59
261 232
261 473
261 642
261 721
262 28
263 190
264 28
264 32
264 232
266 11
266 22
266 28
266 29
266 32
266 143
266 473
266 765
268 11
268 22
268 28
268 32
268 643
268 4535
270 11
270 28
270 32
277 11
277 28
277 29
277 32
277 41
277 59
277 80
277 232
277 473
277 1131
277 53820
281 28
283 28
284 473
301 11
301 22
301 28
301 29
301 32
301 59
303 2
303 28
303 32
306 28
311 28
313 28
327 28
339 11
339 15
339 22
339 26
339 27
339 28
339 29
339 32
339 41
339 47
339 59
339 71
339 80
339 99
339 103
339 107
339 121
339 138
339 143
339 250
339 296
339 387
339 473
339 774
339 869
339 1027
339 2862
339 3898
339 4057
339 9067
339 9399
339 10132
339 10375
339 10775
340 28
394 0
394 11
394 15
394 22
394 26
394 27
394 28
394 29
394 32
394 41
394 47
394 51
394 59
394 71
394 79
394 80
394 103
394 121
394 138
394 232
394 250
394 296
394 473
394 497
394 530
394 748
394 750
394 751
394 759
394 761
394 774
394 807
394 869
394 899
394 2116
394 2416
394 2787
394 2862
394 3719
394 3898
394 4057
394 4898
394 9067
394 9399
394 10132
394 10133
394 10689
394 10998
394 11208
394 11312
396 11
396 15
396 22
396 26
396 28
396 29
396 32
396 41
396 47
396 51
396 59
396 71
396 80
396 103
396 121
396 138
396 143
396 232
396 296
396 387
396 392
396 465
396 774
396 2116
396 2192
396 2647
396 2862
396 3898
396 7259
396 10422
397 11
397 15
397 22
397 24
397 26
397 27
397 28
397 29
397 32
397 41
397 47
397 51
397 59
397 71
397 80
397 103
397 121
397 138
397 141
397 143
397 232
397 250
397 296
397 387
397 465
397 473
397 530
397 774
397 899
397 921
397 1805
397 2862
397 3005
397 3898
397 4359
397 7259
397 8856
397 9067
397 9399
397 10132
397 10133
401 28
405 22
408 28
408 32
426 11
426 22
426 28
426 10349
450 28
450 32
450 59
478 11
478 28
479 11
479 28
479 32
479 2582
480 32
484 11
484 28
488 22
497 44029
513 28
516 28
516 32
532 11
532 22
532 28
532 29
533 28
541 28
541 32
541 1161
546 11
546 22
546 28
546 29
546 32
546 80
546 143
546 654
546 6143
546 18001
553 11
553 22
553 28
553 29
553 138
553 3898
558 22
558 28
558 29
558 32
558 41
558 59
558 473
558 1161
558 3898
585 28
609 11
609 22
609 28
609 32
609 59
609 80
609 774
609 2795
609 11165
609 11461
620 28
627 8
627 11
627 15
627 22
627 24
627 26
627 27
627 28
627 29
627 32
627 41
627 47
627 50
627 51
627 59
627 71
627 72
627 80
627 103
627 121
627 130
627 138
627 142
627 143
627 232
627 250
627 281
627 296
627 303
627 306
627 313
627 387
627 457
627 472
627 473
627 476
627 530
627 707
627 721
627 759
627 765
627 774
627 822
627 862
627 876
627 921
627 1029
627 1097
627 1154
627 1161
627 1364
627 1847
627 2116
627 3005
627 3029
627 3719
627 3898
627 4057
627 4314
627 6790
627 7259
627 9067
627 10071
627 10373
627 10376
627 10377
627 10506
627 14343
634 28
634 2363
634 9288
635 11
635 22
635 28
635 32
661 11
661 22
661 28
661 32
661 59
661 232
661 473
661 2116
661 3898
661 5025
661 9554
669 8
669 11
669 15
669 22
669 24
669 26
669 27
669 28
669 29
669 32
669 41
669 47
669 50
669 51
669 59
669 71
669 72
669 80
669 103
669 121
669 130
669 138
669 142
669 143
669 232
669 250
669 281
669 296
669 303
669 306
669 313
669 387
669 457
669 472
669 473
669 476
669 530
669 707
669 721
669 759
669 765
669 774
669 822
669 862
669 876
669 921
669 1029
669 1097
669 1154
669 1161
669 1364
669 1847
669 2116
669 3005
669 3029
669 3719
669 3898
669 4057
669 4314
669 6790
669 7259
669 9067
669 10071
669 10373
669 10376
669 10377
669 10506
669 14343
670 32
670 59
670 80
670 250
670 473
670 4299
696 11
696 22
696 28
696 32
696 59
696 5415
744 28
744 32
754 11
754 22
754 28
754 29
754 32
754 51
754 59
754 79
754 80
754 232
754 250
754 281
754 296
754 472
754 473
754 721
754 3719
754 3750
754 4361
754 4369
754 5728
754 10359
754 13354
754 54815
765 11
765 22
765 28
765 29
765 32
765 41
765 47
765 51
765 59
765 80
765 232
765 473
765 921
765 7360
765 10314
765 13430
765 15481
765 16765
775 11
775 28
775 32
775 759
775 9394
775 10267
782 28
806 65
806 567
806 849
806 994
806 1505
806 2224
806 2286
806 3219
806 3284
806 4096
806 4700
806 4942
806 5518
806 5761
806 6262
806 7394
806 7395
806 7877
806 8216
806 8604
806 10177
806 10266
806 11260
806 11276
806 11407
806 11547
806 11878
806 12056
806 12097
806 12282
806 12512
806 12686
806 12870
806 14827
806 14867
806 15015
806 15216
806 17269
806 17635
806 17651
806 17687
806 17703
806 17770
806 17963
806 18591
806 18917
842 28
853 11
853 22
853 28
853 29
853 32
853 59
853 250
853 1161
853 2116
853 2862
853 3719
853 3898
853 20786
867 28
867 32
867 41
887 28
912 28
912 32
913 11
913 22
913 28
913 29
913 32
913 80
913 1417
913 3719
913 9398
913 10636
913 19662
913 53874
933 28
937 28
959 28
985 28
1071 11
1071 22
1071 28
1071 29
1071 32
1071 41
1071 59
1071 232
1071 473
1071 721
1071 4361
1102 28
1124 28
1127 11
1127 28
1127 29
1132 28
1141 28
1145 28
1146 28
1154 22
1154 28
1154 32
1154 59
1154 232
1159 28
1165 28
1183 28
1192 28
1198 11
1198 22
1198 28
1198 32
1198 80
1198 143
1198 387
1198 2407
1198 7259
1198 12471
1203 28
1209 28
1222 28
1226 28
1229 28
1234 28
1236 11593
1236 15674
1243 28
1250 28
1278 28
1283 13580
1299 28
1306 32
1311 22
1311 28
1311 32
1311 473
1311 13580
1317 28
1419 28
1436 28
1441 28
1446 13628
1539 11
1539 15
1539 22
1539 24
1539 26
1539 27
1539 28
1539 29
1539 32
1539 41
1539 47
1539 51
1539 59
1539 71
1539 72
1539 80
1539 98
1539 103
1539 121
1539 143
1539 159
1539 232
1539 234
1539 250
1539 281
1539 296
1539 303
1539 339
1539 387
1539 392
1539 457
1539 472
1539 473
1539 476
1539 721
1539 759
1539 765
1539 782
1539 784
1539 876
1539 885
1539 921
1539 941
1539 968
1539 1027
1539 1035
1539 1094
1539 1412
1539 1862
1539 2213
1539 2457
1539 3719
1539 4218
1539 6363
1539 7259
1539 9067
1539 10543
1539 10916
1539 11229
1539 37635
1545 28
1560 28
1590 28
1590 32
1590 473
1593 28
1604 28
1629 7843
1640 11
1640 28
1643 47
1643 11374
1643 11593
1643 12603
1650 65
1654 28
1708 28
1719 28
1723 28
1730 28
1768 28
1804 28
1804 32
1815 28
1845 28
1845 32
1847 28
1859 28
1883 28
1883 3437
1900 28
1906 11
1906 22
1906 26
1906 28
1906 29
1906 32
1906 41
1906 47
1906 59
1906 250
1906 332
1906 387
1906 472
1906 721
1906 950
1906 3719
1906 3933
1906 11907
1906 12618
1906 17670
1906 18666
1941 28
1956 28
1956 4179
1956 12097
1958 22
1958 28
1958 32
1958 473
1999 28
2012 28
2013 22
2013 28
2013 32
2013 11647
2013 15522
2018 28
2024 1032
2024 1382
2024 1403
2024 1560
2024 1586
2024 23801
2024 56248
2048 11
2048 15
2048 22
2048 26
2048 28
2048 29
2048 32
2048 41
2048 47
2048 51
2048 59
2048 80
2048 143
2048 232
2048 250
2048 472
2048 473
2048 476
2048 721
2048 751
2048 774
2048 10688
2048 23922
2049 8
2049 11
2049 15
2049 22
2049 24
2049 26
2049 28
2049 29
2049 32
2049 41
2049 47
2049 51
2049 59
2049 71
2049 72
2049 80
2049 103
2049 121
2049 130
2049 138
2049 143
2049 232
2049 250
2049 281
2049 296
2049 313
2049 387
2049 392
2049 472
2049 473
2049 530
2049 721
2049 748
2049 765
2049 921
2049 968
2049 1399
2049 1571
2049 1634
2049 2543
2049 3719
2049 3831
2049 4314
2049 4341
2049 6410
2049 10500
2049 10676
2049 11000
2049 12336
2049 12834
2049 12882
2049 14404
2049 24040
2049 24237
2049 24238
2050 11
2050 22
2050 28
2050 29
2050 32
2050 51
2050 59
2050 80
2050 121
2050 473
2050 774
2050 1364
2050 1571
2050 2543
2050 4359
2050 6729
2050 9067
2050 12834
2050 12882
2057 3
2057 11
2057 22
2057 26
2057 28
2057 29
2057 32
2057 41
2057 47
2057 51
2057 59
2057 71
2057 80
2057 103
2057 121
2057 143
2057 232
2057 234
2057 250
2057 281
2057 472
2057 473
2057 721
2057 751
2057 921
2057 968
2057 994
2057 11167
2057 12977
2070 28
2071 28
2077 2350
2077 19643
2093 8
2093 11
2093 22
2093 28
2093 29
2093 32
2093 47
2093 51
2093 79
2093 80
2093 85
2093 103
2093 121
2093 124
2093 392
2093 724
2093 751
2093 1097
2093 1201
2093 1635
2093 2168
2093 3274
2093 3341
2093 4094
2093 4361
2093 4827
2093 4954
2093 5520
2093 7259
2093 7366
2093 7676
2093 9067
2093 9251
2093 9394
2093 10087
2093 10132
2093 10266
2093 10267
2093 10543
2093 10561
2093 10630
2093 10676
2093 10689
2093 11229
2093 11374
2093 11535
2093 11689
2093 13303
2093 13354
2093 14270
2093 15113
2093 16300
2093 17449
2114 22
2114 28
2114 32
2128 28
2129 28
2129 32
2140 28
2169 1861
2169 6912
2169 15729
2195 22
2195 28
2254 28
2262 28
2262 17193
2278 22
2278 28
2278 32
2278 41
2278 80
2278 121
2278 147
2278 392
2278 472
2278 473
2278 971
2278 3930
2279 1478
2287 28
2306 32
2306 4222
2391 28
2472 1024
2495 3699
2497 27488
2553 28
2553 32
2553 41
2553 147
2576 9642
2584 1024
2588 2582
2592 28
2592 300
2643 3452
2643 4971
2643 6262
2643 27488
2644 11
2644 28
2658 28
2674 28
2676 28
2682 28
2717 28
2738 28
2739 28
2741 28
2746 28
2757 28
2758 28
2762 28
2763 28
2764 28
2792 28
2828 28
2848 28
2853 28
2854 28
2857 28
2864 22
2864 28
2893 28
2902 28
2908 28
2910 28
2911 11
2911 22
2911 28
2911 32
2911 41
2911 232
2911 1119
2919 11
2919 22
2919 28
2919 29
2919 32
2919 41
2919 47
2919 51
2919 59
2919 80
2919 232
2919 250
2919 387
2919 994
2919 1119
2923 28
2923 18685
2941 11
2941 22
2941 28
2941 29
2941 32
2941 41
2941 59
2941 232
2953 28
2953 41
2964 28
2972 28
2974 28
2976 28
2997 28
3003 28
3003 41
3010 28
3013 28
3017 28
3049 28
3080 28
3083 28
3083 47
3090 28
3104 28
3104 32
3110 28
3139 28
3153 28
3155 28
3168 28
3177 28
3178 28
3211 28
3218 28
3248 28
3248 32
3248 2582
3260 28
3268 28
3268 32
3283 28
3288 28
3288 32
3288 41
3298 28
3325 28
3334 473
3336 28
3340 28
3340 32
3342 28
3345 28
3355 28
3378 28
3383 28
3390 28
3422 28
3422 32
3422 41
3435 28
3446 300
3451 11
3451 28
3451 32
3451 232
3451 473
3456 32
3473 28
3473 32
3484 28
3491 28
3496 28
3498 28
3498 32
3522 28
3524 32
3533 28
3537 28
3541 28
3542 28
3553 28
3555 28
3561 28
3561 32
3571 28
3572 28
3577 28
3589 28
3609 28
3610 28
3615 28
3622 28
3632 28
3650 28
3653 11
3653 28
3653 232
3655 28
3658 28
3663 300
3677 28
3678 28
3680 28
3682 28
3701 32
3701 300
3719 28
3719 29
3719 32
3719 27222
3725 28
3729 28
3731 28
3732 28
3741 11
3741 28
3741 29
3741 32
3741 232
3741 473
3741 27222
3753 28
3753 32
3761 8350
3764 28
3764 32
3764 232
3764 473
3773 11
3773 28
3773 32
3777 11
3777 22
3777 28
3777 29
3777 32
3777 59
3777 232
3782 28
3791 11
3791 28
3791 32
3801 28
3801 29
3801 32
3801 232
3801 473
3807 28
3812 28
3820 28
3820 29
3820 32
3820 59
3820 232
3820 473
3837 28
3847 28
3861 28
3863 28
3896 28
3899 28
3901 28
3907 28
3909 28
3911 28
3940 28
3940 29
3940 32
3945 28
3945 29
3950 5569
3950 6756
3950 7929
3950 12035
3950 16017
3950 18163
3950 18616
3950 27855
3950 32215
3950 34632
3954 28
3984 28
3985 28
4008 28
4010 28
4024 28
4031 28
4053 28
4054 28
4054 32
4055 28
4061 28
4072 28
4073 28
4077 28
4082 28
4086 28
4087 28
4101 28
4102 28
4123 28
4129 28
4131 4455
4131 5155
4131 7929
4131 16017
4133 22
4133 28
4133 15603
4138 17811
4140 28
4150 28
4151 28
4154 12035
4154 27855
4159 28
4167 28
4169 71
4169 11512
4170 28
4173 28
4179 28
4182 28
4184 28
4185 28
4188 28
4196 28
4196 32
4199 17811
4202 28
4206 28
4206 32
4209 28
4212 28
4216 28
4219 28
4220 28
4222 12035
4222 27855
4232 32
4233 28
4234 28
4238 28
4268 28
4272 11
4272 22
4272 28
4272 32
4272 38890
4280 28
4295 28
4302 28
4317 11
4317 28
4317 32
4318 28
4318 29
4319 28
4320 28
4321 28
4321 32
4334 11
4334 22
4335 28
4341 28
4344 28
4345 28
4346 28
4347 28
4368 28
4380 28
4380 32
4382 28
4382 32
4389 11
4389 28
4389 29
4389 32
4404 28
4411 28
4412 11
4412 22
4412 28
4412 32
4412 143
4412 9836
4413 28
4417 32
4418 28
4425 11
4425 22
4425 28
4425 32
4425 41
4425 59
4425 232
4426 28
4435 28
4437 28
4440 28
4445 28
4451 28
4468 28
4472 11
4472 28
4472 32
4473 28
4480 3811
4480 11736
4480 44645
4484 11
4484 28
4492 28
4509 28
4514 11
4514 22
4514 28
4514 29
4514 32
4514 121
4514 232
4514 721
4523 28
4560 28
4561 28
4562 28
4562 473
4569 28
4577 28
4578 11
4578 22
4578 28
4578 29
4578 32
4578 41
4578 50
4578 59
4578 71
4578 80
4578 103
4578 121
4578 143
4578 232
4578 250
4578 387
4578 472
4578 473
4578 721
4578 812
4578 921
4578 968
4580 11
4580 28
4580 32
4587 28
4600 28
4602 28
4605 28
4623 28
4623 32
4627 11
4627 28
4627 32
4628 28
4636 28
4656 28
4656 32
4666 11
4666 28
4666 32
4666 473
4675 28
4683 11
4683 22
4683 28
4683 32
4699 28
4700 28
4703 28
4714 28
4719 28
4724 28
4724 32
4730 28
4735 28
4739 28
4747 28
4749 28
4756 28
4762 28
4763 28
4768 28
4768 32
4792 28
4805 28
4813 28
4818 28
4825 28
4831 28
4848 28
4852 28
4853 28
4858 28
4864 11
4864 22
4864 28
4864 32
4864 59
4888 28
4907 28
4922 28
4925 11
4925 28
4925 59
4930 28
4954 28
4971 28
4991 28
4998 28
5000 28
5008 28
5022 28
5022 32
5024 22
5024 28
5024 32
5028 28
5033 22
5033 28
5033 300
5035 28
5041 28
5041 32
5042 22
5042 28
5042 29
5042 32
5042 41
5042 232
5047 22
5047 28
5058 11
5058 15
5058 22
5058 28
5058 29
5058 32
5058 47
5058 51
5058 59
5058 80
5058 103
5058 121
5058 306
5058 625
5058 643
5058 5949
5058 41389
5058 41614
5058 42440
5058 58483
5060 11
5060 22
5060 28
5060 29
5060 32
5060 41
5060 47
5060 59
5060 80
5060 103
5060 121
5060 232
5060 250
5060 387
5060 2203
5060 3207
5060 4674
5060 5949
5060 7522
5060 21278
5060 36191
5061 11
5061 22
5061 28
5061 29
5061 32
5061 41
5061 47
5061 51
5061 59
5061 80
5061 103
5061 143
5061 232
5061 250
5061 303
5061 546
5061 760
5061 3134
5061 5211
5061 5877
5061 21278
5061 21751
5061 22042
5061 41389
5061 41615
5062 11
5062 22
5062 28
5062 29
5062 32
5062 51
5062 59
5062 232
5062 680
5062 3134
5062 22042
5062 41389
5066 28
5068 11
5068 22
5068 28
5068 29
5068 32
5068 47
5068 80
5068 232
5068 3207
5068 41353
5070 28
5100 28
5100 32
5112 28
5113 28
5113 32
5119 11
5119 22
5119 28
5122 11
5122 22
5122 28
5122 29
5122 32
5122 47
5122 51
5122 59
5122 80
5122 232
5122 7513
5122 30317
5122 30751
5124 28
5127 11
5127 28
5127 29
5127 32
5129 11
5129 22
5129 28
5129 32
5167 28
5185 11
5185 22
5185 28
5185 29
5185 32
5186 28
5195 28
5199 28
5217 28
5222 28
5234 28
5239 28
5247 11
5247 22
5247 28
5247 29
5247 32
5247 59
5247 232
5249 28
5291 11
5291 28
5295 11
5295 22
5295 28
5295 29
5295 32
5295 59
5295 232
5295 473
5295 27991
5305 11
5305 28
5308 28
5317 28
5335 11
5335 22
5335 28
5335 29
5335 32
5335 232
5339 79
5339 774
5341 28
5346 11
5346 22
5346 26
5346 28
5346 29
5346 32
5346 41
5346 50
5346 59
5346 80
5346 232
5346 473
5346 7513
5346 32013
5346 58821
5378 32
5383 28
5383 32
5404 22
5404 28
5404 29
5404 32
5405 28
5406 32
5407 28
5407 32
5418 28
5423 28
5425 28
5425 32
5426 28
5430 11
5430 22
5430 28
5430 29
5430 32
5430 47
5430 80
5430 99
5430 103
5430 250
5430 296
5430 329
5430 333
5430 387
5430 643
5430 662
5430 1002
5430 1635
5430 2903
5430 12520
5430 13498
5430 14628
5430 28943
5430 38314
5451 11
5451 28
5460 11
5460 22
5460 28
5460 32
5461 28
5471 11
5471 28
5481 28
5485 9769
5501 11
5501 22
5501 28
5508 9399
5510 774
5510 7571
5510 7572
5510 10377
5510 11408
5511 28
5513 28
5517 11
5517 22
5517 28
5523 28
5536 28
5542 28
5547 28
5553 28
5576 28
5579 11
5579 28
5586 22
5586 28
5586 32
5590 22
5590 28
5590 32
5590 2725
5592 28
5592 32
5594 28
5600 11
5600 15
5600 22
5600 24
5600 26
5600 28
5600 29
5600 32
5600 41
5600 47
5600 50
5600 51
5600 59
5600 80
5600 99
5600 103
5600 121
5600 138
5600 143
5600 159
5600 232
5600 250
5600 296
5600 303
5600 306
5600 329
5600 333
5600 354
5600 387
5600 392
5600 455
5600 457
5600 465
5600 466
5600 643
5600 662
5600 765
5600 781
5600 822
5600 921
5600 1041
5600 1575
5600 1635
5600 4817
5600 4970
5600 5030
5600 5101
5600 6410
5600 6526
5600 7689
5600 7871
5600 10302
5600 11804
5600 13498
5600 14628
5600 15755
5600 19200
5600 19796
5600 27798
5600 28943
5600 44060
5600 44094
5612 28
5622 28
5625 28
5630 28
5631 28
5636 28
5636 473
5648 28
5686 28
5688 11
5688 28
5688 32
5697 28
5697 32
5697 232
5700 28
5705 28
5709 28
5709 32
5716 11
5716 28
5716 32
5719 28
5724 28
5724 32
5727 28
5729 22
5729 28
5729 32
5729 41
5729 232
5737 28
5757 28
5760 28
5761 28
5770 11
5770 28
5770 32
5770 41
5770 232
5773 28
5775 28
5780 28
5785 28
5790 28
5794 28
5797 28
5799 32
5807 11
5807 22
5807 28
5807 29
5807 32
5807 232
5807 473
5809 28
5815 28
5816 11
5816 22
5816 28
5816 29
5816 680
5817 11
5817 28
5817 32
5824 28
5824 32
5825 28
5830 28
5834 28
5837 11
5837 22
5837 28
5837 29
5837 32
5837 721
5843 11
5843 22
5843 28
5844 28
5846 28
5848 11
5848 28
5848 32
5854 11
5854 22
5854 28
5854 29
5854 32
5854 59
5854 232
5854 473
5854 994
5855 28
5855 59
5862 11
5862 28
5868 11
5868 22
5868 28
5870 11
5870 22
5870 28
5870 32
5870 232
5873 28
5873 32
5875 28
5883 28
5891 11
5891 22
5891 26
5891 28
5891 29
5891 32
5891 41
5891 45
5891 47
5891 50
5891 51
5891 59
5891 66
5891 80
5891 103
5891 143
5891 232
5891 250
5891 313
5891 387
5891 721
5891 748
5891 812
5891 921
5891 1002
5891 1612
5891 1619
5891 3818
5892 11
5892 22
5892 28
5892 32
5892 232
5893 28
5893 32
5893 59
5895 11
5895 28
5895 29
5897 11
5897 22
5897 28
5897 29
5897 32
5901 28
5903 28
5906 11
5906 28
5909 11
5909 28
5916 28
5918 28
5920 28
5926 11
5926 28
5926 29
5927 28
5927 29
5939 11
5939 22
5939 28
5939 32
5939 59
5939 232
5941 28
5941 41
5941 59
5941 232
5942 28
5950 28
5951 28
5952 11
5952 28
5952 32
5952 232
5956 11
5956 22
5956 28
5956 32
5957 11
5957 28
5958 11
5958 15
5958 22
5958 26
5958 28
5958 29
5958 32
5958 41
5958 47
5958 51
5958 59
5958 80
5958 82
5958 103
5958 143
5958 232
5958 234
5958 250
5958 294
5958 300
5958 315
5958 387
5958 473
5958 488
5958 643
5958 691
5958 721
5958 765
5958 812
5958 822
5958 1234
5958 1923
5958 1931
5958 2938
5958 6548
5959 28
5960 11
5960 22
5960 28
5960 29
5960 32
5960 103
5960 159
5960 232
5960 473
5960 643
5960 662
5960 4260
5960 12407
5960 38069
5967 28
5970 11
5970 473
5973 28
5974 11
5974 32
5978 11
5978 22
5978 28
5978 29
5978 32
5978 59
5978 232
5978 473
5983 11
5983 22
5983 28
5983 29
5983 32
5983 143
5986 11
5986 22
5986 28
5990 11
5990 28
5991 11
5991 22
5991 28
5991 29
5991 32
5991 41
5991 51
5991 59
5991 232
5991 3818
5993 11
5993 22
5993 28
5993 29
5994 11
5994 28
5994 32
5994 232
5999 11
5999 22
5999 28
6004 11
6004 28
6004 32
6004 59
6006 28
6008 11
6008 22
6008 28
6008 29
6008 30
6008 32
6008 41
6008 59
6008 82
6008 143
6008 159
6008 232
6008 294
6008 300
6008 311
6008 315
6008 387
6008 812
6008 4158
6013 11
6013 28
6013 29
6013 32
6013 19435
6018 11
6018 22
6018 28
6026 28
6029 22
6029 28
6029 232
6031 11
6031 28
6031 29
6033 11
6033 28
6033 32
6033 232
6039 28
6044 28
6045 11
6045 22
6045 28
6045 29
6045 32
6045 59
6047 28
6053 11
6053 22
6053 28
6053 29
6053 32
6053 59
6053 232
6053 387
6053 3818
6053 41422
6054 28
6055 11
6055 22
6055 26
6055 28
6055 29
6055 32
6055 41
6055 50
6055 51
6055 59
6055 80
6055 82
6055 143
6055 159
6055 232
6055 234
6055 250
6055 275
6055 473
6055 721
6055 765
6055 921
6055 994
6058 28
6061 28
6063 28
6064 28
6064 32
6072 28
6073 28
6075 11
6075 28
6075 32
6075 59
6075 315
6075 473
6075 812
6079 28
6089 28
6090 11
6090 22
6090 28
6090 510
6091 32
6092 28
6094 28
6099 28
6100 11
6100 28
6100 232
6103 11
6103 22
6103 28
6103 29
6103 32
6103 59
6103 232
6106 28
6108 28
6111 28
6114 28
6121 11
6121 28
6121 32
6121 59
6122 11
6122 28
6123 11
6123 22
6123 28
6123 32
6123 59
6124 11
6124 28
6124 29
6124 32
6125 28
6126 28
6128 28
6130 28
6133 11
6133 22
6133 26
6133 28
6133 29
6133 32
6133 41
6133 59
6133 80
6133 103
6133 232
6133 315
6133 387
6133 473
6133 643
6133 721
6133 1360
6133 1612
6134 28
6138 11
6138 22
6138 28
6138 29
6138 32
6138 41
6138 53
6138 59
6138 121
6138 143
6138 232
6138 250
6138 294
6138 921
6138 3818
6139 11
6139 22
6139 28
6139 32
6139 232
6139 473
6142 11
6142 22
6142 28
6142 29
6142 59
6142 232
6146 11
6146 22
6146 28
6146 29
6146 32
6146 51
6146 59
6146 232
6146 20344
6146 41422
6147 11
6147 22
6147 26
6147 28
6147 29
6147 32
6147 41
6147 59
6147 232
6147 387
6147 473
6147 721
6147 876
6147 921
6147 1619
6147 59574
6152 28
6159 11
6159 28
6160 28
6161 11
6161 22
6161 28
6161 29
6161 32
6161 59
6161 232
6161 3481
6161 3818
6168 473
6169 28
6169 32
6171 28
6173 11
6173 22
6173 26
6173 28
6173 29
6173 32
6173 59
6173 80
6173 121
6173 143
6173 232
6173 387
6173 1612
6173 4158
6174 11
6174 28
6175 28
6176 28
6192 32
6192 232
6195 22
6196 11
6196 22
6196 28
6196 29
6196 32
6198 28
6198 32
6201 11
6201 28
6201 32
6210 28
6211 11
6211 28
6211 32
6212 11
6212 22
6212 28
6212 29
6212 32
6212 59
6212 232
6219 28
6219 232
6225 28
6237 28
6239 28
6252 28
6256 28
6273 11
6273 22
6273 28
6273 29
6274 22
6274 28
6274 32
6275 28
6277 28
6286 11
6286 28
6286 59
6286 232
6287 28
6290 28
6294 11
6294 22
6294 28
6294 32
6294 232
6298 28
6302 11
6302 28
6302 32
6302 232
6310 11
6310 28
6310 32
6310 232
6312 28
6315 28
6328 11
6328 28
6328 29
6328 32
6328 232
6328 1144
6335 11
6335 22
6335 28
6335 29
6335 32
6335 59
6335 232
6335 473
6335 1144
6341 28
6346 28
6347 28
6348 28
6349 28
6364 28
6365 28
6367 22
6367 28
6367 32
6367 232
6373 28
6376 11
6376 28
6376 32
6378 11
6378 28
6378 32
6378 232
6379 28
6386 28
6391 28
6392 28
6394 28
6404 28
6404 32
6409 11
6409 22
6409 28
6409 29
6409 32
6409 232
6409 1144
6411 11
6411 22
6411 28
6411 29
6411 32
6411 59
6411 143
6411 232
6411 418
6411 1015
6411 2308
6411 11132
6415 28
6418 28
6439 11
6439 22
6439 28
6439 32
6440 28
6441 28
6451 28
6451 32
6452 11
6452 22
6452 28
6456 28
6463 28
6467 28
6468 11
6468 22
6468 28
6470 28
6478 28
6479 28
6484 22
6484 28
6484 32
6484 159
6484 232
6484 643
6484 662
6489 28
6490 28
6492 28
6495 11
6495 28
6495 473
6504 22
6504 28
6504 32
6504 473
6509 28
6509 32
6509 473
6511 28
6512 28
6512 32
6514 28
6514 32
6516 28
6535 28
6538 28
6539 11
6539 28
6543 28
6548 28
6554 28
6554 29
6554 32
6567 11
6567 22
6567 28
6567 32
6567 232
6567 473
6568 28
6570 28
6571 28
6572 28
6593 28
6607 28
6619 28
6623 11
6623 22
6623 28
6623 29
6623 32
6623 47539
6624 11
6624 22
6624 28
6624 29
6624 32
6624 103
6624 387
6624 2055
6624 2294
6624 3449
6624 5886
6625 11
6625 22
6625 28
6625 29
6625 32
6625 662
6626 11
6626 22
6626 28
6626 103
6626 157
6626 514
6626 2767
6626 49281
6630 28
6633 28
6640 28
6641 28
6648 28
6651 28
6655 28
6659 28
6660 11
6660 15
6660 22
6660 26
6660 28
6660 29
6660 30
6660 32
6660 41
6660 43
6660 47
6660 48
6660 50
6660 51
6660 59
6660 66
6660 71
6660 80
6660 82
6660 83
6660 98
6660 99
6660 130
6660 138
6660 143
6660 159
6660 232
6660 234
6660 296
6660 300
6660 303
6660 311
6660 339
6660 367
6660 388
6660 450
6660 466
6660 473
6660 475
6660 476
6660 643
6660 662
6660 747
6660 748
6660 781
6660 791
6660 812
6660 849
6660 862
6660 885
6660 886
6660 904
6660 905
6660 911
6660 921
6660 929
6660 994
6660 1002
6660 1014
6660 1027
6660 1076
6660 1103
6660 1123
6660 1234
6660 1333
6660 1412
6660 1575
6660 1666
6660 1914
6660 1922
6660 2267
6660 3632
6660 6408
6660 6421
6660 6423
6660 6663
6660 9288
6660 18358
6660 30532
6660 35445
6660 36872
6660 47541
6660 49503
6660 60294
6660 60296
6660 60297
6662 28
6664 28
6665 28
6666 22
6666 812
6666 1412
6672 28
6674 28
6675 28
6675 32
6677 1469
6689 28
6690 11
6690 22
6690 26
6690 28
6690 29
6690 32
6690 59
6690 232
6690 387
6690 473
6690 721
6690 3449
6690 4751
6691 28
6694 11
6694 22
6694 28
6694 29
6694 32
6698 28
6698 32
6699 28
6700 28
6703 28
6707 11
6707 28
6707 32
6707 59
6707 232
6708 11
6708 28
6708 32
6713 11
6713 22
6713 26
6713 28
6713 29
6713 32
6713 41
6713 59
6713 232
6713 473
6713 721
6715 22
6715 28
6716 28
6718 32
6720 11
6720 22
6720 26
6720 28
6720 29
6720 32
6720 41
6720 59
6720 232
6720 473
6720 476
6720 721
6720 921
6722 28
6723 28
6724 28
6728 11
6728 22
6728 26
6728 28
6728 29
6728 32
6728 41
6728 59
6728 232
6728 473
6728 721
6729 28
6729 32
6730 11
6730 28
6730 32
6730 232
6732 11
6732 22
6732 28
6732 29
6732 32
6733 11
6733 15
6733 22
6733 28
6733 29
6733 32
6733 59
6733 103
6735 28
6736 28
6738 11
6738 22
6738 28
6738 29
6738 30
6738 32
6738 41
6738 47
6738 51
6738 83
6738 159
6738 232
6738 234
6738 296
6738 300
6738 311
6738 388
6738 474
6738 643
6738 662
6738 747
6738 748
6738 781
6738 812
6738 849
6738 885
6738 994
6738 1333
6738 1666
6738 6421
6738 6663
6738 7166
6740 28
6742 11
6742 22
6742 28
6742 29
6743 11
6743 28
6744 11
6744 22
6744 28
6744 29
6745 11
6745 22
6745 28
6745 29
6745 32
6746 11
6746 514
6746 2767
6747 28
6747 103
6747 49281
6749 11
6749 22
6749 28
6749 29
6749 32
6749 41
6749 47
6749 354
6749 5218
6749 8073
6754 11
6754 28
6754 29
6756 11
6756 22
6756 28
6756 29
6756 32
6756 232
6756 250
6756 4751
6756 6253
6760 28
6762 11
6762 22
6762 28
6772 28
6773 28
6773 32
6774 28
6775 28
6778 28
6779 11
6779 28
6780 28
6781 11
6781 28
6781 29
6784 11
6784 28
6787 11
6787 15
6787 22
6787 28
6787 29
6787 32
6787 41
6787 47
6787 51
6787 59
6787 67
6787 68
6787 80
6787 82
6787 87
6787 103
6787 138
6787 232
6787 294
6787 296
6787 300
6787 311
6787 387
6787 643
6787 721
6787 760
6787 1473
6787 1745
6787 3137
6787 5132
6787 6422
6787 9174
6787 21069
6787 30431
6787 49222
6788 11
6788 22
6788 28
6788 29
6790 22
6790 28
6797 28
6798 28
6802 28
6807 28
6811 28
6812 28
6817 22
6817 28
6817 32
6824 28
6825 28
6825 29
6828 11
6828 28
6829 28
6829 29
6830 11
6830 22
6830 28
6830 29
6831 11
6831 22
6831 28
6831 29
6831 32
6832 11
6832 22
6832 28
6832 29
6838 11
6838 22
6838 28
6839 28
6843 28
6845 11
6845 22
6845 28
6845 29
6845 32
6845 232
6846 28
6846 32
6853 28
6855 28
6856 28
6858 11
6858 28
6858 32
6866 28
6868 28
6873 11
6873 28
6875 28
6876 11
6876 22
6876 28
6876 29
6876 32
6876 59
6876 80
6876 232
6877 11
6877 22
6877 28
6877 29
6877 32
6877 1951
6877 2055
6877 12874
6878 11
6878 22
6878 28
6879 28
6880 11
6880 22
6880 28
6880 29
6880 32
6880 59
6881 11
6881 22
6881 28
6881 29
6881 32
6881 66
6881 103
6881 49364
6884 11
6884 22
6884 28
6884 29
6884 32
6885 11
6885 28
6885 514
6885 2767
6886 11
6886 22
6886 28
6886 29
6886 32
6886 159
6886 232
6886 311
6886 387
6886 643
6886 662
6887 11
6887 22
6887 28
6887 29
6887 32
6888 11
6888 22
6888 28
6888 29
6890 11
6890 28
6890 32
6891 11
6891 22
6891 28
6891 29
6892 11
6892 22
6892 28
6892 1951
6893 11
6893 22
6893 28
6893 29
6894 11
6894 22
6894 28
6894 29
6896 11
6896 22
6896 28
6896 29
6896 32
6896 7878
6896 47539
6897 11
6897 28
6897 29
6897 32
6900 22
6900 28
6902 28
6903 11
6903 22
6903 28
6904 11
6904 28
6904 32
6905 11
6905 28
6906 28
6907 11
6907 28
6908 11
6908 22
6908 28
6908 103
6908 49281
6909 11
6909 22
6909 28
6909 29
6909 32
6909 232
6909 311
6909 662
6909 47539
6910 28
6912 11
6912 28
6913 28
6914 11
6914 22
6914 28
6914 32
6914 59
6914 232
6915 28
6916 11
6916 22
6916 28
6916 29
6916 59
6917 28
6918 11
6918 22
6918 26
6918 28
6918 29
6918 32
6918 41
6918 59
6918 232
6918 473
6918 721
6920 11
6920 22
6920 28
6920 29
6920 32
6921 11
6921 15
6921 22
6921 28
6921 29
6921 32
6921 47
6921 103
6921 232
6921 455
6921 643
6921 681
6921 5219
6921 7452
6921 50252
6921 51996
6922 11
6922 28
6922 473
6926 28
6927 11
6927 22
6927 28
6927 29
6927 32
6927 47
6927 51
6927 59
6927 80
6927 103
6927 142
6927 143
6927 232
6927 387
6927 643
6927 765
6927 21187
6927 49364
6927 49368
6927 50429
6928 11
6928 22
6928 28
6928 29
6928 103
6928 49281
6929 28
6929 29
6929 32
6930 11
6930 28
6930 32
6941 28
6941 32
6945 11
6945 28
6945 232
6954 11
6954 22
6954 28
6954 32
6959 11
6959 22
6959 28
6959 29
6959 32
6959 41
6959 59
6959 232
6962 11
6962 22
6962 26
6962 28
6962 29
6962 32
6962 473
6962 5115
6966 28
6972 28
7001 11
7001 28
7001 32
7007 28
7010 28
7016 59
7016 232
7020 28
7020 32
7021 28
7023 28
7023 32
7028 28
7028 32
7028 159
7032 28
7033 28
7033 159
7035 28
7035 32
7040 28
7042 28
7044 28
7044 32
7046 28
7051 11
7051 22
7051 28
7051 29
7051 32
7051 41
7051 59
7051 232
7051 721
7051 921
7051 2227
7071 28
7071 32
7080 11
7080 22
7080 28
7080 32
7084 11
7084 22
7084 28
7084 29
7085 11
7085 28
7085 25582
7086 11
7086 22
7086 28
7086 29
7086 32
7086 47
7086 51
7086 59
7086 80
7086 232
7086 294
7086 300
7086 387
7086 643
7086 1665
7086 52145
7086 60897
7088 11
7088 22
7088 26
7088 28
7088 29
7088 32
7088 47
7088 59
7088 80
7088 143
7088 159
7088 2203
7088 3031
7089 11
7089 22
7089 28
7089 29
7089 32
7089 41
7089 47
7089 50
7089 51
7089 59
7089 143
7089 232
7089 250
7089 296
7089 300
7089 303
7089 387
7089 388
7089 473
7089 474
7089 475
7089 476
7089 629
7089 643
7089 721
7089 748
7089 765
7089 812
7089 862
7089 885
7089 921
7089 1123
7089 1727
7089 3384
7089 10266
7089 22307
7089 35688
7090 28
7093 28
7095 11
7095 22
7095 28
7095 29
7095 32
7095 59
7095 232
7095 473
7095 721
7097 28
7100 11
7100 22
7100 28
7100 29
7100 32
7100 41
7100 47
7100 59
7100 80
7100 159
7100 232
7100 387
7100 921
7103 28
7103 32
7106 28
7106 32
7107 28
7107 32
7111 11
7111 28
7111 32
7111 232
7113 11
7113 28
7114 11
7114 22
7114 28
7114 32
7114 473
7115 28
7117 11
7117 22
7117 28
7117 29
7117 32
7117 41
7117 59
7117 159
7117 232
7117 250
7117 311
7117 473
7117 643
7117 662
7117 721
7117 748
7117 921
7117 3384
7119 11
7119 15
7119 22
7119 28
7119 29
7119 32
7119 41
7119 47
7119 51
7119 59
7119 80
7119 121
7119 159
7119 232
7119 234
7119 244
7119 250
7119 296
7119 300
7119 303
7119 311
7119 387
7119 388
7119 473
7119 475
7119 476
7119 598
7119 629
7119 643
7119 662
7119 691
7119 721
7119 748
7119 812
7119 813
7119 827
7119 862
7119 876
7119 885
7119 921
7119 929
7119 1002
7119 1027
7119 1123
7119 1333
7119 1505
7119 1629
7119 1727
7119 1914
7119 3384
7119 32616
7119 52307
7120 11
7120 28
7129 11
7129 28
7129 29
7130 28
7132 22
7132 28
7132 32
7134 11
7134 28
7134 32
7134 232
7135 28
7135 32
7135 473
7147 28
7155 28
7156 11
7156 22
7156 28
7156 29
7156 32
7156 41
7156 59
7156 143
7156 232
7156 33195
7158 28
7170 28
7174 28
7177 28
7181 11
7181 22
7181 28
7181 32
7181 59
7181 232
7181 418
7182 11
7182 22
7182 28
7182 29
7182 32
7182 232
7182 473
7188 28
7198 28
7203 28
7206 22
7206 28
7211 11
7211 28
7211 29
7211 32
7211 232
7211 721
7213 28
7214 28
7214 32
7215 11
7215 22
7215 26
7215 28
7215 32
7215 59
7215 80
7215 143
7215 159
7215 2203
7215 3031
7218 11
7218 22
7218 26
7218 28
7218 29
7218 32
7218 41
7218 47
7218 50
7218 51
7218 59
7218 80
7218 143
7218 232
7218 238
7218 250
7218 300
7218 465
7218 473
7218 476
7218 629
7218 643
7218 721
7218 748
7218 765
7218 812
7218 862
7218 921
7218 929
7218 1333
7218 3384
7218 10266
7218 22307
7218 35688
7219 28
7220 11
7220 15
7220 22
7220 24
7220 26
7220 28
7220 29
7220 32
7220 41
7220 47
7220 48
7220 50
7220 51
7220 59
7220 66
7220 71
7220 80
7220 82
7220 98
7220 138
7220 141
7220 143
7220 159
7220 167
7220 232
7220 234
7220 238
7220 250
7220 274
7220 303
7220 313
7220 387
7220 465
7220 466
7220 472
7220 473
7220 475
7220 476
7220 629
7220 643
7220 662
7220 721
7220 748
7220 765
7220 812
7220 849
7220 876
7220 921
7220 941
7220 968
7220 992
7220 1002
7220 1123
7220 1333
7220 1505
7220 3384
7222 28
7222 32
7222 232
7223 28
7227 28
7227 473
7230 28
7231 11
7231 22
7231 28
7231 29
7231 32
7237 22
7237 28
7237 32
7252 28
7253 28
7255 28
7255 473
7256 28
7263 28
7263 32
7263 232
7267 28
7267 59
7268 28
7271 11
7271 28
7271 32
7285 28
7287 11
7287 28
7287 32
7287 59
7287 232
7287 473
7295 28
7296 11
7296 15
7296 22
7296 28
7296 29
7296 32
7296 59
7296 103
7296 232
7296 294
7296 387
7296 643
7296 8631
7296 53792
7301 28
7310 11
7310 22
7310 28
7310 29
7310 32
7310 59
7310 232
7310 473
7310 476
7310 921
7310 968
7321 11
7321 28
7323 11
7323 28
7323 59
7323 232
7326 28
7329 11
7329 28
7329 32
7329 232
7333 28
7333 59
7333 232
7334 28
7337 28
7340 11
7340 22
7340 28
7340 32
7340 41
7340 59
7340 232
7340 473
7340 812
7340 1923
7343 473
7353 28
7354 28
7356 28
7360 28
7363 28
7363 32
7366 11
7366 22
7366 28
7366 4105
7369 28
7370 315
7373 22
7373 28
7373 29
7373 32
7373 232
7375 11
7375 28
7375 315
7380 28
7382 11
7382 22
7382 26
7382 28
7382 29
7382 32
7382 41
7382 59
7382 232
7382 250
7382 387
7382 721
7382 812
7385 315
7392 11
7392 22
7392 28
7392 32
7392 232
7392 1360
7392 1923
7393 11
7393 28
7393 32
7396 11
7396 22
7396 28
7396 3308
7402 28
7403 28
7404 28
7407 28
7408 11
7408 28
7416 11
7416 28
7418 11
7418 22
7418 26
7418 28
7418 29
7418 32
7418 41
7418 59
7418 80
7418 232
7418 473
7418 721
7418 1742
7434 28
7449 28
7449 32
7450 1
7450 11
7450 22
7450 24
7450 26
7450 28
7450 29
7450 32
7450 41
7450 47
7450 48
7450 50
7450 51
7450 59
7450 66
7450 80
7450 82
7450 94
7450 99
7450 103
7450 141
7450 143
7450 159
7450 232
7450 234
7450 242
7450 250
7450 294
7450 300
7450 315
7450 329
7450 387
7450 398
7450 437
7450 482
7450 488
7450 530
7450 587
7450 643
7450 721
7450 747
7450 765
7450 812
7450 822
7450 849
7450 921
7450 948
7450 949
7450 977
7450 994
7450 1234
7450 1333
7450 1630
7450 1923
7450 1931
7450 2645
7450 3490
7450 4517
7450 5366
7450 5637
7450 6623
7450 6639
7450 7407
7450 8305
7450 8387
7450 8529
7450 11239
7450 53427
7450 53844
7462 11
7462 22
7462 28
7462 32
7462 59
7462 232
7462 315
7465 11
7465 22
7465 26
7465 28
7465 29
7465 32
7465 41
7465 59
7465 143
7465 159
7465 232
7465 294
7465 789
7465 1897
7465 2141
7465 44453
7469 11
7469 29
7469 232
7470 28
7482 11
7482 22
7482 28
7482 32
7482 473
7488 22
7488 28
7488 32
7492 28
7494 28
7496 11
7496 22
7496 28
7496 29
7499 11
7499 22
7499 28
7499 32
7499 59
7499 232
7499 6410
7500 28
7504 28
