1429	900	9794
1262	323
604	71
604	636
907	112
907	150
907	445
907	180
175	259
711	144
15	183
49	232
245	464
175	19
173	19
173	20
457	279
866	100
875	305
1334	305
875	266
875	110
875	103
213	24
213	280
866	635
604	338
241	302
241	40
241	36
604	463
866	463
457	46
523	130
506	50
154	463
523	313
285	159
330	156
455	146
154	464
523	298
154	241
1344	376
1022	298
523	230
70	463
8	123
15	157
327	32
730	369
730	370
730	226
241	433
241	447
708	166
506	310
268	103
231	251
84	72
357	37
357	41
357	308
896	106
15	315
8	1
8	155
8	366
730	105
523	54
523	61
730	106
340	35
340	308
1260	305
1366	443
104	120
506	511
457	393
208	688
1201	635
622	285
1269	251
1201	293
882	525
322	109
506	449
407	167
618	66
357	448
104	279
98	19
98	20
941	117
941	166
941	167
98	248
98	249
98	8
618	183
228	25
228	72
1235	303
413	69
618	306
228	66
146	139
993	286
1279	534
1414	534
313	31
1269	256
1260	298
104	696
730	84
213	463
882	183
882	309
793	635
1369	463
1369	522
618	577
56	168
208	296
730	82
882	104
376	41
376	368
376	533
667	72
667	227
104	210
74	421
941	226
1243	305
248	26
711	538
154	15
154	134
376	393
376	401
238	555
154	20
1020	445
154	18
1368	413
955	120
1325	472
154	327
1035	463
313	384
154	136
1035	384
208	23
1349	368
941	351
154	410
241	26
382	167
382	97
711	536
382	66
70	635
231	25
48	325
506	502
313	378
159	18
882	331
48	267
968	635
1325	300
1325	383
86	508
99	224
1035	405
1402	536
159	368
980	416
1402	593
99	46
154	581
46	61
1028	146
99	393
1213	565
330	38
330	35
330	58
330	61
8	130
154	583
1243	500
428	108
742	198
742	541
438	378
428	285
428	295
428	129
428	310
45	130
737	471
737	639
1334	321
159	46
159	327
1260	241
1260	504
1243	227
1344	312
1344	441
1369	379
1351	502
1045	543
105	328
1344	460
1344	507
1227	303
407	238
407	373
45	132
45	177
1155	536
45	61
45	511
8	524
1088	181
212	620
647	116
647	298
217	25
104	388
217	589
1368	377
872	635
411	94
1020	144
1020	180
341	380
1204	502
377	41
795	100
795	124
795	294
742	219
742	351
377	433
711	644
1155	593
1155	634
217	43
353	36
1026	145
353	381
353	428
372	40
1087	159
1087	376
5	635
1357	398
428	334
353	84
621	379
1035	628
774	410
342	40
97	37
544	156
544	284
97	323
544	330
97	511
97	300
483	46
377	570
595	94
1020	150
595	198
595	543
469	330
56	203
330	193
1227	212
1227	616
483	224
483	393
1414	524
533	305
374	508
562	61
1263	244
504	181
504	208
504	315
504	316
504	488
504	519
1202	627
330	36
473	46
473	224
608	276
473	393
473	525
45	365
1102	432
45	451
479	298
105	21
976	230
1322	384
330	33
1045	466
154	644
1351	524
375	40
1035	398
375	454
45	41
504	631
1132	424
238	122
238	203
595	167
1364	463
595	536
795	121
238	25
45	181
565	166
1024	354
621	511
565	525
621	647
621	351
621	462
374	545
347	399
1369	670
1025	156
1243	609
382	41
428	409
795	295
1318	615
1227	430
504	467
1126	279
168	298
1318	505
240	26
240	153
240	252
240	309
240	523
1177	704
1000	132
794	245
469	322
194	21
194	371
194	485
533	555
411	651
989	476
538	250
104	95
104	603
955	672
382	192
1318	376
793	94
982	129
543	384
982	398
982	515
347	620
895	490
1041	251
258	64
1204	644
524	331
992	358
1366	504
543	597
169	182
361	463
104	338
104	512
901	344
56	503
1279	612
89	329
219	25
868	156
868	179
868	279
219	337
868	653
231	94
1331	561
565	480
1061	704
976	127
976	389
982	609
228	100
1041	351
1041	495
1041	568
1366	570
1041	151
1041	169
437	44
437	694
16	331
481	515
481	623
504	49
795	94
347	447
543	454
212	559
544	299
621	66
1349	384
347	300
273	137
637	69
637	573
231	130
879	700
544	132
615	243
624	468
361	490
239	26
1103	166
557	266
557	463
239	595
1103	627
1103	634
557	635
273	344
65	376
1336	644
530	54
191	168
1158	182
976	310
168	18
428	47
1103	258
1103	520
1103	696
861	324
497	618
1386	402
1373	488
1386	496
273	29
273	66
273	106
125	66
866	711
342	706
1174	189
125	11
245	707
46	44
46	278
46	481
48	166
122	519
962	696
45	6
45	44
48	436
48	479
191	21
191	159
48	167
191	279
1027	369
1331	431
1331	454
1331	545
125	413
644	569
989	247
48	309
462	46
708	639
223	199
1090	343
411	521
411	522
997	198
565	61
567	61
567	79
660	634
544	58
462	77
1171	212
250	302
329	41
329	570
106	708
122	120
1141	208
48	258
1061	458
868	489
125	331
504	53
575	376
1408	519
518	628
1025	167
185	50
185	619
189	116
189	135
780	234
189	340
189	458
518	179
1103	320
518	655
351	35
779	442
779	603
219	184
219	252
65	258
901	503
1035	148
524	223
1069	156
1227	635
357	373
518	139
65	167
1312	289
547	536
547	593
48	198
48	567
65	6
861	120
65	184
355	216
578	61
780	92
780	230
578	285
1399	718
955	130
198	248
273	428
273	651
381	108
381	350
1399	719
679	120
154	155
1091	455
157	635
544	348
245	26
347	35
969	125
969	578
1013	298
662	706
185	298
1102	321
339	587
65	208
347	529
509	50
509	264
1158	581
18	300
567	631
48	639
904	111
1414	729
125	156
223	85
585	145
647	706
1113	174
951	148
8	263
84	706
1113	707
1177	711
1113	167
428	299
65	707
85	6
85	286
875	398
85	639
342	71
655	71
231	103
613	503
1277	578
977	584
647	611
123	11
123	251
1174	290
123	365
562	479
861	294
807	387
662	454
861	479
662	498
524	512
1380	707
951	183
166	226
166	517
1155	611
662	72
662	167
662	324
662	659
189	167
483	254
483	458
189	481
780	120
780	163
662	580
374	40
951	120
547	211
374	315
547	359
669	94
1322	512
901	605
1399	737
1158	544
1102	165
492	285
492	634
471	46
471	157
471	226
471	298
471	393
471	564
737	644
106	9
106	181
106	520
106	570
106	606
1072	156
169	18
169	90
169	94
530	60
562	341
1244	409
1369	724
332	543
662	709
1244	229
562	320
154	629
444	61
444	64
94	84
444	635
904	555
267	555
613	66
734	380
125	493
339	35
351	39
339	84
347	381
267	48
327	581
1025	146
267	168
372	156
831	157
125	208
908	298
831	427
355	36
339	130
339	706
734	84
562	94
759	91
759	181
759	185
759	191
759	192
245	414
524	459
759	486
1409	504
759	504
125	195
905	706
212	719
332	44
143	84
575	166
332	193
1323	406
143	443
986	481
575	519
340	50
18	109
565	116
565	210
18	381
1028	689
267	183
629	589
647	71
239	94
289	718
624	67
1027	718
737	387
1061	461
1061	479
524	228
353	450
492	381
492	488
56	500
351	145
169	645
774	142
630	669
552	208
1031	146
630	614
409	44
396	168
409	284
396	424
699	543
1390	414
61	547
1045	621
1100	165
1100	215
1100	226
1100	387
1100	561
1100	619
1100	700
166	18
166	647
194	618
699	754
767	593
347	397
699	661
635	317
194	594
699	156
351	448
351	529
630	67
795	260
125	364
332	36
1425	706
1425	733
190	21
190	279
524	557
1018	213
322	195
332	33
142	154
1150	306
628	673
1090	483
407	44
916	115
916	214
916	215
916	218
1074	262
916	475
1074	511
655	685
207	458
986	578
994	704
767	510
8	181
329	278
348	607
1024	174
336	396
444	198
444	201
189	21
189	36
583	61
189	178
583	192
583	226
583	295
189	489
189	594
343	620
583	647
967	196
185	367
444	44
351	38
562	156
373	213
373	280
373	367
562	421
1414	564
621	164
901	707
1027	719
647	346
1395	454
1161	183
1161	706
1047	203
1329	629
79	706
328	295
514	605
831	194
624	503
84	14
430	46
430	142
1271	639
621	171
332	41
52	131
876	707
587	62
587	111
587	239
587	285
587	391
587	512
600	175
430	254
1000	503
424	544
1145	400
1395	428
1395	441
1395	578
514	590
1395	699
112	707
239	389
154	623
239	707
339	142
863	567
444	130
1061	155
1106	208
285	269
514	473
492	47
486	371
1271	461
1106	466
562	571
562	661
1059	155
514	51
492	74
1366	371
343	48
602	166
767	589
343	737
342	671
482	46
336	55
336	88
336	561
339	696
715	496
355	582
547	58
547	294
711	157
127	519
876	788
285	29
1018	556
482	74
510	192
482	405
482	633
343	706
1399	453
263	27
712	76
712	300
712	462
712	665
1364	707
1011	137
1011	192
1011	446
1011	639
1011	650
1409	671
1011	710
896	109
997	706
1366	378
1008	279
351	397
1351	729
185	20
185	693
1010	156
84	117
997	130
391	707
1255	235
49	507
661	700
1158	365
18	472
1158	504
1399	561
514	184
18	427
127	26
127	62
1104	376
263	519
969	208
977	291
955	535
752	90
263	215
263	221
263	419
221	568
48	706
317	148
44	281
44	327
44	367
44	384
428	640
1039	150
193	21
193	46
18	84
876	166
193	327
1145	334
905	669
977	213
1377	387
1377	411
1377	607
562	205
1165	213
1165	534
194	572
223	25
465	46
1043	153
143	156
223	168
465	224
465	279
143	368
465	393
465	525
426	737
641	70
1106	351
1386	405
1386	515
1027	276
1356	519
1014	139
278	476
278	706
1201	198
762	517
762	653
442	287
952	453
997	295
952	471
1010	136
954	213
954	249
954	285
954	515
1143	655
193	692
207	23
554	61
1036	148
111	419
149	592
149	699
1106	166
624	184
601	63
554	94
1165	322
601	344
123	594
601	707
601	761
168	322
670	458
1362	588
382	401
803	285
1014	166
8	428
567	607
444	680
479	46
479	247
479	279
601	351
479	422
329	33
343	35
1171	188
127	223
329	347
329	455
1171	586
1171	648
1171	683
1171	707
955	828
598	118
1166	183
46	428
46	578
1166	706
635	709
1106	296
1319	739
1150	178
1150	224
1150	496
1150	515
1150	708
49	756
354	36
268	61
329	159
807	436
329	465
329	515
1409	672
1409	675
1169	387
795	571
1169	716
803	321
598	301
543	545
803	167
455	45
442	385
1409	511
455	532
598	640
942	117
455	152
1036	391
942	157
942	436
56	580
758	331
758	625
1088	345
620	760
886	352
886	637
598	617
598	649
598	707
972	742
333	185
333	375
333	380
339	66
578	555
1081	174
16	254
1081	376
1081	455
16	597
234	25
954	120
288	718
324	647
334	33
334	34
695	391
695	419
548	59
670	134
548	155
321	32
905	614
634	706
46	94
900	228
900	229
339	245
900	279
900	426
79	519
767	698
695	706
1332	747
223	274
1177	302
228	494
56	685
598	101
863	238
863	265
1041	308
664	72
942	481
46	167
46	184
46	344
46	351
46	707
210	24
210	40
670	72
670	82
210	91
670	94
1008	135
210	167
1008	178
210	214
210	216
630	413
210	495
1204	780
84	466
258	27
391	154
391	289
969	650
173	213
647	204
695	74
420	188
1390	442
787	443
391	512
343	685
391	763
519	203
519	339
519	707
426	718
787	193
1204	200
317	31
876	198
954	198
876	636
1331	718
263	537
168	631
524	140
1019	141
1305	279
1007	302
1305	368
1305	405
1019	526
1305	692
803	94
143	455
974	665
1116	668
711	259
1244	266
105	423
84	611
1276	253
391	43
1166	198
899	255
1010	529
424	653
1244	707
16	393
1244	635
695	718
428	44
317	156
317	285
317	519
679	426
84	620
567	195
165	291
793	313
334	663
391	746
1092	163
408	168
317	467
1092	702
408	734
1092	762
1092	763
1010	514
1362	650
105	9
209	103
419	348
694	74
694	198
694	428
694	578
1200	707
565	72
774	92
1199	331
1199	476
1199	585
52	41
209	66
52	546
598	519
391	732
731	800
573	304
573	707
27	706
875	785
56	785
995	785
288	91
345	232
593	276
324	387
288	627
899	785
8	785
991	785
1211	203
695	452
899	707
1332	763
1043	785
986	785
708	785
345	785
345	448
1116	710
428	785
945	118
1104	166
945	338
573	381
945	707
486	142
30	198
1362	367
1092	589
30	183
79	6
1170	187
1412	519
79	575
8	755
294	76
294	303
793	519
294	707
317	718
294	760
34	159
905	111
114	754
1263	785
1078	785
1051	154
1051	436
264	27
264	28
397	43
264	110
264	120
397	290
905	303
543	57
1084	158
1031	168
1383	507
1383	797
774	707
288	128
711	156
554	188
1144	633
285	175
1010	236
16	21
899	109
598	184
455	381
916	388
1362	428
734	443
524	507
774	569
238	785
223	389
223	400
907	438
660	72
726	80
660	116
660	152
660	445
660	620
263	74
123	207
123	429
123	686
111	706
268	122
987	167
245	463
655	785
1368	795
1368	797
34	46
539	82
531	156
531	173
669	362
1170	428
1170	433
1401	801
1157	507
468	566
522	62
522	210
414	226
52	340
414	428
414	443
52	481
414	516
1303	554
522	706
1157	182
1323	613
626	621
829	436
982	148
1157	287
92	134
92	538
92	585
322	32
734	531
945	189
509	249
945	706
971	126
638	399
971	706
92	7
552	708
410	44
632	94
632	225
632	241
632	709
1415	529
1142	707
20	225
20	337
8	340
1023	143
1336	369
1023	592
408	44
408	166
169	174
408	208
855	96
1099	168
855	192
1099	198
20	481
1140	532
1255	642
85	156
1023	584
987	130
1368	551
718	94
718	167
718	352
718	366
718	373
718	706
718	744
85	763
352	35
199	46
625	94
199	279
625	543
86	544
1415	811
18	280
18	315
398	519
543	654
1102	253
186	565
1212	707
189	171
1408	481
1270	487
200	517
1212	574
189	686
1102	706
70	747
987	200
1145	707
718	78
641	361
795	553
718	596
739	85
317	351
739	519
212	24
111	346
1391	514
1391	645
1391	687
142	706
1391	707
30	199
945	202
1126	224
1126	318
945	352
278	556
317	563
424	582
391	598
1126	707
1382	391
1382	709
155	15
317	120
1051	155
46	168
527	253
46	263
1190	482
1051	524
251	573
1051	737
199	21
353	44
641	92
612	95
199	159
612	338
718	354
199	368
398	404
718	408
718	543
199	597
335	34
335	380
1023	652
348	35
592	62
592	64
348	191
130	383
348	647
391	698
348	716
221	25
221	40
221	61
952	156
221	198
952	241
221	303
20	314
952	387
597	573
221	610
217	648
660	150
878	300
660	484
592	603
628	724
221	298
34	5
182	20
584	61
952	120
182	155
831	156
217	198
182	251
169	259
182	279
182	306
127	315
169	320
182	362
182	424
127	428
169	497
182	524
182	696
157	16
28	237
718	356
612	359
151	421
795	503
635	748
612	779
718	351
612	637
555	658
718	732
1382	762
484	46
484	184
484	227
484	279
484	351
660	467
217	474
317	696
87	754
831	94
795	120
624	341
154	538
831	574
831	753
130	12
151	15
270	28
270	55
151	223
151	303
270	392
864	100
864	109
864	116
864	258
1164	510
28	95
612	603
911	114
969	127
718	298
1364	368
1373	382
1209	202
1270	354
317	388
1198	617
207	701
531	55
1157	187
28	233
72	698
746	88
814	94
165	118
814	184
746	215
746	221
217	614
1084	658
831	706
295	30
360	38
234	71
849	399
234	612
983	785
1069	785
30	118
1204	271
1271	380
1164	598
1164	715
295	718
612	66
295	97
612	189
1102	244
295	286
295	586
690	602
552	754
1023	291
1364	811
819	738
115	742
427	764
1145	785
814	234
814	351
814	574
1211	693
26	4
209	23
26	89
26	96
26	156
26	167
26	279
26	371
26	479
26	574
690	156
690	194
552	303
151	339
1364	519
154	743
847	261
1025	387
847	490
847	706
181	20
1364	418
1418	707
115	11
1023	246
339	346
18	377
1023	548
253	706
1211	828
539	57
1025	145
468	303
539	706
555	61
555	156
555	240
555	479
1035	654
1104	741
462	159
253	346
628	576
30	637
462	639
1402	707
87	6
155	48
87	166
1357	596
731	82
537	368
65	646
35	496
814	707
432	44
5	155
348	588
1349	319
151	473
552	555
1112	601
1154	741
866	811
1058	155
87	226
79	330
895	706
1254	281
962	304
1254	340
1254	351
1254	492
157	500
1279	518
584	582
1204	708
432	120
87	208
978	298
305	738
432	762
35	5
35	6
35	9
624	98
35	138
35	378
18	687
694	156
694	227
30	338
671	811
20	336
895	577
1413	707
1413	785
110	10
694	185
984	376
984	383
110	405
35	405
110	469
110	488
383	489
694	647
35	726
84	199
1113	257
740	259
1202	685
740	718
30	92
65	154
627	192
627	569
627	615
105	783
1029	146
746	234
1029	247
1029	250
30	351
1029	405
1029	530
908	682
443	44
20	72
443	72
671	72
861	98
899	156
671	184
671	204
1254	234
20	344
196	345
493	542
443	618
443	687
130	707
443	745
443	790
814	203
36	326
383	428
383	464
36	556
383	578
690	74
1067	156
886	156
1345	315
1345	319
1345	355
671	359
1345	519
995	593
1345	657
428	676
336	678
70	706
640	210
1084	321
1084	706
641	707
640	208
640	574
209	756
327	550
339	154
196	25
284	29
383	41
383	251
830	252
383	662
1254	718
866	763
65	816
795	156
1408	532
1099	164
1099	404
690	694
1099	704
991	156
612	656
612	658
556	61
640	69
575	210
640	286
912	475
79	574
671	779
158	16
158	62
158	199
1204	247
158	481
158	606
1252	234
1252	479
901	738
1062	156
30	156
1195	594
427	44
952	131
708	156
942	156
196	258
156	16
156	156
156	179
156	212
628	250
999	272
630	341
630	350
1382	566
201	583
1334	398
348	557
1070	156
1070	278
1173	513
34	801
983	156
637	156
995	156
560	295
560	502
1373	509
708	609
1195	753
1361	364
130	376
339	539
201	585
397	635
258	657
1137	706
1361	728
1361	795
20	3
993	156
364	385
1361	445
805	566
354	707
608	66
30	179
1058	583
1383	823
266	35
491	47
491	351
491	543
491	640
491	732
1078	156
729	208
28	270
380	382
863	638
1058	697
729	706
52	708
1043	828
221	28
333	33
333	34
333	186
909	557
201	801
428	156
321	549
543	645
1325	668
201	692
767	814
209	173
1383	825
308	155
522	213
752	226
729	477
753	519
308	706
753	807
626	67
626	157
253	286
729	373
539	440
729	523
469	755
20	35
1058	398
949	710
361	38
284	71
1194	278
284	497
355	531
1412	788
1160	591
42	6
372	553
372	657
209	811
949	166
955	514
634	580
949	468
270	131
270	550
270	705
540	57
632	67
632	68
640	94
736	181
1140	289
736	430
632	473
986	226
1227	590
1418	557
84	721
739	98
1361	723
532	99
729	81
1154	602
154	750
1070	304
166	428
189	22
1013	251
1013	279
189	746
830	762
764	91
764	152
764	303
764	364
764	467
653	717
400	43
400	78
400	122
591	156
1198	198
1081	198
1081	351
400	359
591	387
591	527
299	658
61	680
74	6
10	31
74	61
527	67
74	93
74	166
74	208
74	226
10	559
10	751
591	114
85	116
986	156
16	657
425	718
634	746
1173	762
10	1
308	31
10	127
10	149
10	495
630	91
542	108
1075	156
542	161
10	322
542	392
737	442
542	550
803	706
542	787
858	97
858	125
858	193
858	270
638	451
308	566
542	669
911	833
253	26
729	720
603	285
923	574
923	167
1043	668
923	707
93	7
923	116
923	174
10	179
56	156
1213	424
1091	525
414	70
855	126
18	450
1000	580
923	120
1376	387
911	794
394	203
923	258
740	153
288	746
1014	800
334	582
234	706
234	77
923	265
288	785
1184	192
48	303
1408	482
1408	483
234	604
514	656
364	38
789	116
872	116
626	168
858	341
10	438
653	724
127	11
830	94
238	156
1363	368
127	539
1355	519
644	70
860	98
860	107
860	109
860	120
142	133
860	168
807	480
860	563
860	718
644	724
1274	755
398	43
398	225
31	444
196	170
540	376
18	396
540	533
99	581
540	585
18	728
674	112
734	167
1159	182
1159	507
1159	740
1159	757
1159	767
1157	823
336	34
662	653
172	41
172	84
1234	217
1234	222
1234	387
172	506
1234	562
624	154
8	156
908	459
1361	816
212	466
18	795
830	226
1184	396
1184	443
1184	615
1184	645
196	21
251	26
734	171
196	247
196	249
734	456
734	792
1203	226
1203	678
740	769
10	77
176	685
364	791
911	836
30	5
711	76
52	226
52	240
322	112
10	176
10	246
48	302
1135	233
756	90
756	304
1058	537
1135	656
1140	174
969	312
1140	334
203	337
1140	340
1140	457
203	799
614	66
614	68
806	94
614	259
341	353
341	475
806	527
536	578
536	672
614	686
1363	759
634	167
634	277
634	686
966	728
209	765
966	794
966	795
196	167
1135	174
196	563
268	568
763	641
1040	812
249	266
335	762
10	231
10	279
196	354
361	416
1394	424
664	460
664	507
664	710
265	344
299	31
266	27
278	155
1140	266
8	406
1140	500
127	578
266	679
266	799
163	26
593	62
1112	167
127	232
1350	325
1350	329
1350	362
83	376
83	405
83	465
341	562
1112	573
1350	633
1350	688
163	706
1112	779
536	56
1396	488
683	74
740	92
683	152
683	168
1116	168
653	96
653	473
288	29
289	51
288	170
60	463
1396	487
958	531
207	540
1396	576
1396	656
289	30
127	140
526	419
1396	428
1415	794
1088	294
517	375
373	40
373	192
337	215
337	451
373	578
1355	631
337	34
401	43
604	64
401	78
401	202
401	255
243	540
337	578
401	635
401	752
526	282
526	391
38	729
1160	785
20	127
61	178
334	484
1378	563
1378	591
635	706
635	707
1378	718
196	213
536	247
1310	285
1280	367
1391	415
392	314
329	52
329	460
1088	160
1310	491
203	289
921	706
1310	284
1203	222
1412	620
1203	676
16	690
196	303
1070	337
23	536
949	746
634	586
299	619
255	26
299	156
752	197
255	258
52	456
752	486
752	578
664	740
255	762
52	818
23	4
265	62
84	156
305	223
35	423
35	426
367	486
1427	795
415	258
16	478
28	5
28	70
507	133
789	540
987	143
427	174
987	192
1147	505
594	707
20	137
1080	156
1080	387
20	578
83	678
1080	700
1310	820
289	41
442	289
1007	134
1007	280
1007	515
1007	520
987	746
171	19
20	36
171	77
20	90
20	160
442	276
967	376
1396	429
171	439
1396	519
1396	578
1396	615
1318	798
795	836
1131	169
1207	200
1080	227
1131	279
360	430
360	434
360	462
360	505
20	650
996	130
996	183
996	706
383	548
949	801
61	6
950	156
950	196
950	209
950	217
159	251
950	560
950	622
950	647
1427	727
1069	811
522	439
699	510
338	35
1162	183
996	258
1162	400
797	621
557	681
557	811
271	94
436	101
950	120
950	184
950	221
950	259
950	331
950	344
950	351
737	396
950	553
950	562
950	648
338	41
20	278
543	375
338	433
1415	643
1257	762
987	785
754	183
739	467
115	665
367	39
61	288
866	198
1203	198
1203	215
1203	218
1203	558
1203	562
1116	597
134	835
336	214
336	216
20	315
1348	318
205	207
831	240
159	90
159	129
20	156
987	501
8	805
468	92
866	613
48	832
1207	644
732	730
441	44
934	162
441	172
934	222
934	281
934	599
934	667
1182	795
847	103
1203	221
847	619
1271	668
1203	674
594	62
1207	548
1116	371
252	153
643	458
1310	721
52	92
1022	143
52	198
52	257
159	398
20	527
1203	728
1229	811
1229	812
1022	831
179	680
20	38
20	365
1208	583
495	61
835	94
835	243
793	372
1021	435
835	500
1412	621
835	706
835	775
497	799
346	35
497	47
1182	192
84	223
866	304
1242	405
497	504
497	588
1242	619
497	668
653	706
958	516
990	130
990	541
115	460
737	85
512	513
512	736
20	757
895	707
858	130
346	350
346	450
346	648
346	683
620	832
713	848
771	92
1050	154
771	155
771	321
717	344
771	707
771	730
967	124
967	168
1178	598
806	706
338	34
573	730
283	29
20	84
1149	258
289	311
1149	394
1406	532
1149	574
48	794
59	44
481	46
481	166
481	254
481	538
743	575
743	586
396	659
743	792
1215	393
305	718
83	44
83	120
829	188
112	10
112	246
338	446
112	483
112	514
112	607
835	613
584	193
338	428
48	6
949	120
211	498
211	505
211	578
1224	313
527	386
967	634
967	650
83	6
44	59
407	72
829	197
829	243
83	419
1023	517
1406	703
829	707
48	847
538	57
1323	297
1027	212
371	107
835	474
1200	820
447	44
1021	248
671	301
447	657
422	72
853	95
853	248
853	457
853	612
201	741
853	783
951	826
338	145
987	191
254	202
20	457
708	771
1179	190
754	258
735	145
717	236
917	649
735	728
564	61
260	116
1378	387
532	62
975	127
831	168
975	215
130	322
853	439
975	521
975	527
564	540
864	572
564	603
975	605
564	724
864	730
532	55
532	63
532	64
532	108
940	117
527	264
940	391
338	671
18	38
742	86
336	353
968	432
205	23
488	46
243	148
488	372
243	26
338	453
211	559
1205	374
338	757
990	156
1088	173
1088	199
1205	289
990	304
1088	351
1205	419
243	479
728	524
1205	590
1036	787
968	350
173	378
532	746
1135	753
56	828
1021	142
829	362
1209	398
1377	528
1377	632
352	373
1179	503
1182	553
532	294
1025	529
770	183
968	469
770	732
254	26
338	797
1091	811
1263	844
338	795
143	14
143	178
143	256
962	266
1404	472
1182	706
338	794
1113	811
271	398
1310	803
713	240
1204	694
338	728
338	834
793	547
634	207
901	110
16	288
338	798
1048	801
1023	552
422	195
59	256
1028	440
1173	779
840	109
1024	143
713	563
840	567
840	706
22	667
835	801
1403	775
349	798
18	145
18	216
211	24
556	156
940	519
940	706
227	198
1407	478
948	811
35	19
35	20
35	181
650	503
35	515
1407	519
35	689
35	708
35	815
49	145
773	407
1403	463
1298	774
620	850
349	35
171	318
349	545
171	692
349	716
201	22
348	441
1393	664
348	765
1039	188
1039	337
358	450
933	692
933	701
338	720
1179	770
420	44
264	456
355	528
264	624
228	742
1207	780
1255	800
1036	198
940	285
103	322
1264	683
1252	811
337	127
530	354
30	432
337	504
530	693
414	44
414	168
760	236
414	285
345	794
337	544
337	713
699	74
1165	423
893	549
1332	811
1332	843
694	456
694	457
495	47
964	832
175	61
258	415
1382	843
1368	846
634	183
1208	202
975	676
773	692
849	486
975	607
849	748
18	794
1182	232
280	94
1063	622
1063	682
1063	718
1273	759
358	38
1363	452
358	460
726	489
1310	751
726	765
136	782
769	92
540	206
145	649
540	723
769	776
380	41
256	198
754	469
256	574
380	601
380	640
256	706
380	730
1352	381
1264	532
249	811
531	607
1276	686
531	728
1144	785
338	319
527	413
428	432
1282	589
1131	697
1282	811
1182	699
7	1
265	121
824	184
1199	198
1152	285
1152	296
1152	419
1152	442
1152	519
1199	568
1199	656
824	680
265	730
958	198
7	381
7	428
7	507
259	531
7	544
7	819
1160	182
1392	706
1063	156
1063	191
1222	505
834	603
163	17
246	26
1250	233
163	279
246	295
987	384
1427	794
1250	803
246	821
1282	846
246	861
534	55
534	60
1202	198
91	327
1063	411
1298	420
1063	486
482	567
1191	594
662	632
1063	739
1403	763
512	798
83	60
38	143
83	226
1298	270
83	285
988	367
83	778
392	820
533	55
948	120
948	198
533	351
533	568
151	624
164	668
948	688
533	706
1182	758
948	762
151	792
641	208
447	217
1318	289
120	428
516	492
657	516
447	562
120	791
235	94
235	166
235	468
653	74
1107	166
653	198
1107	363
342	382
1303	504
285	565
285	628
1107	668
1107	735
621	750
1107	847
1303	855
978	128
978	155
978	184
978	634
563	104
563	110
563	337
1101	748
558	61
558	70
173	136
558	240
558	574
419	663
1222	721
516	52
841	94
841	120
841	156
1178	352
548	359
248	524
1288	554
563	612
1178	707
563	707
371	718
532	762
69	786
841	803
138	13
262	27
227	94
678	138
138	178
703	226
678	292
262	321
138	402
877	519
1412	587
644	595
138	655
262	706
235	706
235	730
235	799
599	707
280	29
613	102
874	109
280	295
958	679
613	691
477	692
678	150
91	176
800	183
800	252
469	254
1080	466
780	706
1368	836
363	38
770	92
545	100
669	156
1355	335
770	346
1365	369
1365	384
1365	405
363	428
1365	465
363	488
245	656
1356	681
1288	706
1288	707
770	733
669	804
1365	806
770	821
218	25
436	44
218	94
218	148
218	174
218	198
218	258
762	416
218	442
436	470
1250	495
218	503
218	730
917	838
563	61
563	103
1196	198
584	241
563	406
1025	428
248	747
1406	783
22	3
805	409
805	500
1349	597
805	706
305	31
246	60
246	127
1084	357
246	733
1425	811
560	61
560	166
1231	218
1349	668
394	43
485	46
485	224
485	254
485	288
1252	340
394	412
1348	488
485	538
1252	568
170	26
170	146
170	376
1380	389
170	497
1380	519
1380	706
1380	762
1324	849
719	78
828	94
828	116
417	154
828	167
719	242
828	295
828	297
958	354
719	359
564	405
142	524
564	654
958	693
719	706
1115	738
719	744
958	779
39	5
281	29
588	62
878	104
958	120
878	156
678	178
878	297
588	304
39	327
1211	343
588	351
678	368
39	368
1119	519
940	521
678	623
1097	638
588	706
588	726
588	730
39	782
936	820
1097	834
255	61
1333	340
1162	447
1333	485
1318	565
379	704
379	757
255	820
1279	254
770	347
1279	357
1279	704
487	46
498	48
487	169
1200	198
487	249
487	279
1320	289
487	485
614	503
487	556
487	806
176	22
939	117
726	177
726	182
939	233
939	258
726	262
176	269
636	282
939	309
726	372
449	372
449	447
939	467
726	507
449	507
449	767
121	11
1016	140
1090	168
121	191
121	192
1009	213
1009	438
285	438
352	441
121	511
726	523
1016	586
1016	643
121	740
1009	741
635	68
863	99
863	108
671	122
1009	136
623	208
14	234
14	456
992	658
1222	659
992	686
14	762
1222	803
547	861
5	1
161	17
735	84
783	93
5	124
1149	178
161	178
161	179
5	207
5	302
5	375
1149	405
5	412
5	419
1040	426
5	492
5	506
161	515
783	533
160	552
5	578
735	578
5	588
1207	606
1149	690
1359	707
1149	708
735	713
5	760
161	779
1273	782
914	180
84	186
914	455
66	813
256	26
805	166
679	425
1224	681
1321	785
1321	846
929	116
145	255
929	310
162	364
929	406
806	446
1009	458
929	470
163	521
760	601
806	607
111	659
929	763
929	775
111	786
111	800
186	20
186	134
877	469
1113	660
160	16
645	70
186	159
645	262
160	271
1109	310
541	312
322	369
541	406
645	425
160	425
541	490
1194	499
252	517
996	541
645	546
160	585
1335	589
1109	598
1288	646
305	677
252	718
1194	825
159	16
1040	151
578	166
1126	168
992	258
1040	452
1126	497
609	517
1234	676
159	692
225	707
1335	763
215	25
215	42
528	54
773	92
381	103
114	120
528	120
215	120
203	155
215	189
114	198
381	277
773	286
215	301
215	304
528	332
203	418
91	465
203	475
215	481
215	484
528	504
203	578
203	588
114	615
114	616
1160	643
114	659
215	659
215	660
806	699
373	716
215	739
868	785
528	855
1210	203
1168	390
251	485
251	574
757	747
817	763
99	8
99	179
1112	394
1316	486
1112	603
1316	645
99	692
426	746
14	2
244	26
338	38
244	103
14	238
244	307
891	368
244	406
244	746
338	758
338	832
1335	865
807	531
336	725
1427	798
69	103
534	233
69	261
181	328
84	568
1131	569
256	603
114	621
1211	747
636	68
757	90
588	103
884	104
114	178
114	179
114	213
757	237
114	240
367	264
114	533
1299	560
174	564
636	617
817	632
545	706
636	738
114	10
542	57
817	95
114	154
1212	204
1212	225
817	245
660	261
114	368
660	452
367	494
808	506
114	515
1090	562
1212	603
830	704
817	814
678	73
708	76
280	103
921	115
626	129
921	220
921	226
1257	239
921	304
921	307
921	418
1257	419
921	475
921	676
400	692
1257	706
1257	724
647	759
848	95
576	167
91	213
272	384
576	785
1097	862
477	46
316	148
1049	154
1156	181
477	279
4	373
1156	428
477	642
1234	679
477	801
173	824
578	826
78	6
1108	166
1148	283
78	311
739	421
78	564
1195	692
767	702
361	54
570	61
623	67
623	74
852	95
623	152
145	258
428	404
661	550
660	659
661	705
570	707
361	716
852	730
361	760
593	836
335	107
338	226
726	428
1247	509
1211	640
1256	752
1211	784
415	44
415	74
415	168
921	216
415	285
1342	311
733	415
623	478
733	543
159	594
173	707
662	749
198	21
403	44
400	74
1030	146
400	178
1213	206
400	213
1241	226
198	249
1241	285
198	368
198	405
1213	455
1241	519
198	556
798	574
1213	630
1241	706
1241	721
403	762
101	9
101	22
34	23
44	37
101	70
817	94
338	114
451	120
118	181
338	214
848	304
159	393
848	437
338	475
101	530
1169	557
101	655
118	668
1169	680
1169	699
381	700
1169	765
451	44
571	61
450	67
763	91
763	92
450	97
1034	147
687	158
763	167
763	208
638	227
451	285
266	340
1034	596
763	669
1025	677
1034	707
512	743
616	746
451	811
571	825
416	44
416	61
416	74
557	94
937	116
512	172
416	235
416	238
416	241
937	515
1072	758
1416	779
557	820
293	30
237	115
594	174
427	184
1228	212
594	335
18	355
237	387
1269	393
237	475
594	568
806	668
1228	668
584	674
1228	779
363	815
309	863
403	244
403	547
170	601
1316	615
403	632
170	632
145	707
1287	762
1287	802
908	113
450	319
338	491
798	540
30	775
324	32
731	458
1389	505
1034	594
324	664
324	803
146	52
72	168
72	226
1187	226
72	285
72	310
505	507
72	569
72	574
505	578
72	802
72	841
36	6
426	44
1109	167
1109	285
1323	590
392	594
1416	666
448	44
720	78
798	94
1046	153
246	210
720	211
416	215
798	233
720	242
1046	259
798	304
1367	377
711	407
1342	427
1367	428
1046	454
1367	487
1367	488
1046	497
1376	507
949	555
1046	565
1376	578
801	603
1046	608
1046	615
1046	664
1376	671
416	677
72	683
720	707
720	750
1367	757
801	818
1422	841
708	843
1224	851
396	43
689	90
993	130
396	189
428	231
689	437
527	521
1407	539
184	541
1407	574
992	762
1229	807
1263	843
392	356
369	448
392	715
8	843
56	843
1160	843
66	6
28	72
850	95
711	130
1187	194
850	265
1187	273
850	285
850	567
571	578
66	627
850	706
66	706
571	713
850	730
749	831
1428	843
989	843
563	854
1187	861
109	10
459	46
143	124
143	125
143	127
738	198
459	224
1166	332
459	393
495	417
186	519
459	583
109	724
1166	730
738	746
221	755
738	811
428	843
249	26
1056	155
181	178
783	221
783	228
249	632
643	798
875	843
1252	847
650	120
831	152
650	198
756	416
961	520
403	736
650	811
1108	843
591	217
1187	227
448	237
1231	602
1231	679
1187	802
47	6
120	11
114	94
829	94
893	106
893	109
120	192
893	212
411	351
120	377
120	508
411	547
846	568
411	588
1420	589
893	683
334	687
48	712
411	739
510	769
1048	810
1420	840
293	843
345	843
1048	154
14	248
1048	363
1229	376
427	620
293	712
1075	769
168	843
1067	843
461	46
269	59
992	130
556	199
461	444
269	478
1116	578
543	592
269	625
877	706
252	26
252	198
30	242
252	251
252	258
252	332
1049	624
1334	843
248	843
994	130
1185	686
69	6
448	62
689	156
1173	188
689	253
99	279
489	310
1179	359
456	394
69	423
689	568
1420	593
489	603
689	624
927	860
184	20
548	60
461	159
510	228
510	347
461	376
1348	449
461	465
1097	493
924	521
1348	521
1320	720
726	767
461	803
369	39
722	79
264	94
722	166
369	177
722	296
166	318
1316	319
1318	364
166	412
18	471
0	572
722	710
1327	796
722	811
896	843
213	855
812	94
812	116
935	116
812	130
989	130
995	130
812	167
1124	168
1124	169
812	285
935	285
812	304
341	387
935	442
1045	456
1273	497
935	519
1045	560
935	574
812	601
279	601
812	669
912	699
935	706
912	728
196	746
912	834
879	843
995	843
93	21
319	148
93	178
757	178
1270	251
762	425
93	439
757	465
93	692
1420	763
40	787
991	843
1420	846
345	868
319	62
1074	156
319	167
1074	216
543	374
1074	674
319	706
992	712
450	716
876	762
118	836
118	11
118	74
398	101
912	114
118	129
392	425
118	663
738	686
184	703
18	35
118	60
581	61
891	106
708	130
912	222
581	239
581	240
581	519
352	570
581	574
1221	680
118	706
118	746
1416	813
896	868
875	130
1049	233
1049	286
1262	843
825	94
1057	155
1057	167
1231	215
1231	221
397	227
1057	258
1057	358
1057	362
138	438
1057	452
1383	522
825	531
1327	794
133	800
1021	810
1053	865
918	149
891	157
235	234
498	253
319	258
168	461
498	568
1122	794
1122	798
1122	832
1294	843
89	6
413	44
413	65
985	130
413	156
1082	157
872	167
413	208
413	222
413	387
1030	395
389	605
89	606
413	694
389	772
498	822
985	843
1078	843
985	868
513	51
643	70
214	71
1027	145
513	258
279	285
513	348
513	406
513	574
513	575
1082	726
643	740
513	762
130	777
390	814
513	816
643	831
643	849
419	65
279	103
1066	168
1097	222
419	679
419	686
727	80
570	132
119	156
1205	200
1219	208
727	278
1219	310
1219	574
1320	580
1219	603
1205	644
1219	706
727	790
566	61
801	94
757	94
847	94
566	174
847	174
22	184
566	198
847	208
801	233
566	266
225	270
566	406
225	503
847	519
801	590
225	706
225	746
225	820
740	85
513	94
1057	469
109	495
877	568
109	709
217	843
1426	843
1069	843
316	860
208	130
490	154
490	419
279	419
1342	437
1034	498
1034	506
1342	543
490	574
1339	624
490	719
1342	809
208	843
1288	260
1383	393
363	629
575	785
627	67
55	106
792	258
627	576
627	631
765	714
257	26
707	76
257	151
257	258
257	285
280	405
459	406
280	465
459	525
13	526
257	706
1312	765
513	809
13	73
13	78
13	112
13	180
947	201
13	211
947	233
13	242
672	258
947	285
13	362
672	420
13	469
13	497
1389	506
1389	578
13	596
13	641
1389	645
672	657
13	707
947	762
674	156
674	526
792	686
592	706
1239	729
792	803
953	841
404	44
844	94
404	116
280	163
844	184
404	197
844	233
844	258
280	279
844	299
844	306
844	351
992	407
404	493
844	541
844	656
431	682
844	707
400	770
280	831
192	21
537	156
192	178
1164	183
891	293
841	307
1338	309
192	368
192	384
192	405
537	498
1338	603
1368	731
1338	759
1338	779
16	801
192	815
773	285
1274	382
1001	666
1274	707
495	792
32	793
534	184
736	214
736	215
1161	418
534	574
552	642
461	870
197	21
197	57
12	230
1287	258
12	306
197	384
109	706
576	706
1287	774
141	13
1148	231
72	311
447	559
1256	630
369	671
1082	706
72	733
920	838
373	197
373	310
925	406
1268	458
13	770
279	29
1148	178
1148	179
1148	213
203	383
1148	398
203	403
756	406
203	424
203	426
756	497
707	605
1148	692
203	710
707	714
299	94
299	195
921	223
783	232
906	239
419	413
1417	548
157	579
491	586
1417	699
491	707
436	707
1417	727
878	785
599	792
1417	795
157	808
1417	834
260	61
571	116
260	167
1156	261
1299	274
571	289
516	387
1339	492
1156	543
1156	571
1299	622
1156	759
1222	770
736	84
1152	178
1152	398
1416	571
363	650
1152	692
84	783
1363	789
282	29
282	89
282	170
277	471
437	548
515	762
282	762
589	62
254	167
589	181
589	429
1256	480
1349	764
450	44
1144	176
1333	304
753	656
1333	783
1333	818
44	6
250	26
616	66
250	81
616	92
44	109
953	120
977	127
999	132
250	156
250	184
250	226
616	243
963	249
250	312
616	313
250	428
142	463
250	517
616	589
250	614
277	615
250	718
616	775
999	812
593	65
913	222
1354	331
279	360
868	410
1128	443
906	513
1354	574
478	604
1128	645
622	659
1221	210
463	224
463	254
1221	279
1221	283
1221	383
363	458
463	538
363	584
680	870
1	0
517	52
472	62
1	345
1119	467
891	590
54	635
517	707
1119	733
1119	803
461	815
517	860
316	198
1304	278
1304	315
586	326
1304	332
1304	355
1304	521
1304	661
1304	802
1304	820
18	3
79	116
556	225
556	261
18	308
1274	375
18	447
1208	707
10	779
708	868
134	12
674	141
451	156
1242	226
134	374
922	519
449	650
365	703
1272	857
133	12
133	19
435	44
54	115
435	166
452	258
133	272
452	413
1290	507
507	518
435	630
54	674
54	694
392	745
133	801
392	821
15	868
277	94
46	120
983	130
1246	230
1246	258
1246	279
1242	304
1246	321
877	536
277	594
277	664
1246	724
755	779
723	799
46	805
111	811
1294	868
877	103
1053	167
1053	519
1110	603
52	706
251	706
1103	707
390	763
72	811
392	43
576	61
824	94
846	152
846	235
1176	304
1176	503
824	644
1240	662
392	702
657	730
206	23
411	44
421	44
206	70
421	166
206	187
206	209
496	271
206	279
421	290
834	295
421	337
1109	347
421	388
1109	419
411	428
834	455
206	504
411	578
1109	603
421	627
834	706
1109	721
269	28
379	41
584	74
379	140
864	219
864	351
494	387
379	460
494	475
419	578
1413	643
419	662
682	734
318	31
1195	198
318	226
277	243
1195	246
318	567
318	706
318	721
997	820
1195	831
765	865
48	130
277	210
1299	351
1147	670
495	686
1320	709
618	843
247	26
247	65
214	90
247	103
505	126
496	246
1044	252
247	351
505	713
247	724
214	817
1072	838
1428	868
993	868
18	24
480	46
480	60
964	121
1147	177
480	258
480	304
1272	387
480	393
1147	645
480	706
1425	820
1425	822
379	164
808	428
379	504
906	762
638	69
591	222
610	65
118	88
586	159
118	172
586	179
610	201
610	243
674	260
610	314
586	371
586	393
118	397
586	439
586	585
118	615
118	757
279	817
38	22
1	25
1	103
823	116
760	120
675	150
1132	172
1021	224
1132	289
588	344
1	392
588	471
725	503
588	581
588	690
711	868
526	54
118	98
526	156
823	167
118	347
118	377
526	413
834	503
118	523
118	549
823	574
526	626
463	46
387	101
42	130
387	148
72	156
496	169
387	309
804	360
1146	554
1224	636
517	654
387	706
488	742
1142	779
1359	779
1359	829
371	868
403	74
689	74
248	130
1180	330
54	625
279	707
1274	859
233	25
242	26
429	91
233	120
1013	138
752	156
752	198
233	198
233	208
242	230
242	231
233	245
752	255
233	258
205	453
242	473
242	519
752	568
463	603
752	617
233	698
242	706
242	764
1	168
1312	285
450	340
915	655
1425	707
1425	762
1299	818
1062	843
1062	868
438	44
350	75
280	130
280	178
798	184
488	227
438	229
450	354
963	409
963	692
450	693
1016	869
116	41
537	56
293	130
394	212
1110	285
655	320
116	419
1397	428
1397	578
1397	662
431	686
1397	758
431	785
1397	836
293	868
277	29
277	66
586	169
277	249
1	565
269	603
760	811
659	71
1054	154
659	184
977	533
251	640
251	649
659	704
776	706
1054	718
659	753
1339	826
636	167
40	335
1059	528
1222	637
738	679
609	777
1222	813
178	19
178	20
972	126
178	179
760	223
55	351
878	474
178	556
379	587
972	624
972	672
178	697
1269	777
1286	763
993	785
1263	870
459	94
459	125
459	241
1228	465
20	521
100	569
1228	690
119	120
906	174
906	198
1352	380
1406	474
18	645
810	94
262	116
936	116
810	174
1178	190
1001	210
810	233
936	233
936	347
810	540
1082	603
810	659
810	707
1131	712
1301	725
1082	753
1178	829
56	868
449	44
449	115
449	116
769	167
449	217
953	350
338	699
1415	725
449	756
769	762
769	773
365	866
1134	173
1044	206
235	332
1178	343
1001	417
1017	420
449	453
1052	587
322	594
488	643
449	713
375	795
338	796
265	71
57	94
922	126
1128	168
675	180
426	196
922	574
1186	648
1186	656
1393	661
279	726
866	861
195	21
195	46
649	71
1129	168
924	198
78	198
1222	211
1222	242
195	251
195	279
78	282
1129	285
649	314
1129	396
1129	555
1129	619
1426	712
1129	751
711	873
1282	257
46	574
1282	698
866	820
63	828
1040	849
787	94
924	116
924	165
909	216
909	303
909	387
691	450
636	580
869	101
874	103
1224	211
1221	269
672	421
1101	552
629	680
1221	745
426	779
1001	861
144	14
144	62
703	75
815	94
377	121
144	173
815	174
815	211
377	277
815	320
815	324
109	383
815	395
815	531
815	563
815	619
815	637
815	718
815	826
1014	874
0	280
0	351
703	802
620	66
856	97
856	98
277	454
856	775
717	77
1269	267
1054	285
338	418
338	473
1359	824
367	195
1113	302
1207	424
1317	791
130	817
419	164
1175	189
438	459
438	687
1175	707
359	721
599	63
1045	153
824	200
1045	274
111	337
1325	643
1004	762
824	773
56	873
279	86
279	470
0	521
609	615
659	657
72	674
1056	771
1282	799
139	800
441	820
328	191
486	198
1018	292
1044	469
883	104
883	107
279	170
279	206
697	273
883	278
883	404
883	658
100	256
1186	347
1186	683
1304	795
661	72
795	130
1013	428
661	543
331	615
661	683
869	706
1162	773
672	72
1147	210
141	224
717	306
1225	338
1225	408
44	456
1147	497
555	652
717	853
1000	171
1360	359
1000	583
1360	637
697	810
390	43
460	46
753	90
755	90
460	440
1316	443
139	458
1082	492
469	542
1407	652
390	775
1316	797
1311	817
390	830
657	71
1105	624
1195	635
111	10
111	32
973	160
973	266
973	346
111	480
268	524
837	579
394	696
268	762
1405	763
645	792
795	868
72	44
725	94
72	215
643	288
268	297
0	349
97	581
1328	603
644	627
708	873
808	94
986	130
637	130
618	130
1180	208
0	240
1236	258
808	261
1180	295
808	706
618	712
359	714
59	750
1236	820
637	868
618	868
834	94
922	116
144	156
251	167
144	168
144	199
320	207
733	208
674	395
733	465
733	841
1426	874
496	47
496	143
449	504
545	698
286	29
286	44
804	94
804	116
286	175
286	243
773	259
1082	315
773	327
1209	349
804	409
773	461
773	568
286	695
1082	760
16	82
379	46
1105	166
379	224
1389	414
340	458
169	499
314	789
314	820
535	56
283	64
535	71
535	72
535	94
283	121
283	161
283	174
697	265
110	328
283	417
535	572
1403	589
535	601
283	658
917	679
283	680
1121	762
573	779
1062	874
139	13
442	44
283	86
776	92
675	526
81	6
81	44
674	73
697	74
674	129
81	208
674	213
81	285
1225	298
674	444
18	624
81	659
262	225
631	598
1268	644
66	737
1013	815
502	49
502	51
652	71
652	95
652	234
1050	419
652	550
502	608
1421	708
652	762
1050	810
652	813
117	11
117	94
11	94
11	95
924	156
117	168
11	174
11	198
599	225
599	227
11	285
117	428
1268	642
1268	801
27	7
796	94
650	94
1003	266
1202	270
796	280
1028	425
1010	458
650	595
27	768
1333	371
1163	252
143	277
1163	706
667	168
157	176
667	192
392	258
157	429
392	503
667	520
150	530
420	594
392	681
392	692
392	706
433	44
327	95
844	154
63	173
63	174
844	174
667	179
844	198
116	208
116	226
116	233
641	261
844	321
433	333
116	347
63	519
844	649
351	709
433	785
157	807
314	31
573	129
314	223
314	355
781	685
1360	707
190	741
386	42
1239	224
386	340
386	379
1239	405
386	456
386	488
1370	672
1370	673
386	706
1370	796
1370	852
204	404
204	711
103	136
1262	244
1262	245
1144	432
1262	775
808	96
808	286
10	586
331	33
381	92
933	116
1004	400
331	578
910	678
331	692
349	795
1405	830
961	120
1066	156
961	168
961	192
140	329
1066	509
624	707
995	874
214	24
126	168
809	208
1059	233
1050	303
1050	521
1059	595
1059	680
809	706
214	725
214	795
809	841
52	6
140	13
760	190
52	225
505	353
10	517
111	664
52	711
154	782
490	47
624	72
624	525
918	864
470	46
10	143
114	168
322	435
1093	754
1093	762
1027	866
304	31
1028	176
56	278
1239	806
755	93
367	263
1247	553
322	746
901	861
1304	728
73	6
1110	167
1148	242
1110	258
1110	304
320	312
320	494
1110	574
1427	887
557	61
557	198
1352	755
1394	823
13	2
25	14
1013	224
25	306
25	376
1394	492
1191	522
25	628
25	629
1394	776
1394	831
82	94
425	166
1180	192
425	198
369	323
96	370
96	424
486	424
1021	604
18	656
287	29
287	94
892	106
892	115
1044	153
86	207
674	258
1285	258
1285	285
287	300
892	387
892	475
1348	505
1285	574
1285	603
892	607
287	650
892	756
1044	790
1285	864
235	25
56	108
856	239
22	277
22	278
856	377
10	537
285	592
96	597
22	682
175	698
96	8
607	64
235	351
10	424
359	38
449	222
1236	224
725	226
725	298
96	405
96	426
10	435
1236	438
96	465
725	574
96	606
56	657
1209	659
1031	759
279	811
96	815
1306	279
616	356
1306	370
1306	384
1306	465
1306	642
1390	779
754	90
1225	211
969	287
277	343
1387	806
219	831
229	25
229	27
459	72
229	74
918	115
229	116
229	166
918	215
229	349
285	495
10	518
1330	571
918	599
922	707
10	8
493	47
493	438
493	586
1360	762
573	61
159	213
1274	505
46	6
318	156
502	225
17	279
17	329
502	419
1194	436
10	554
96	569
17	692
535	706
502	706
502	294
502	418
40	5
9	229
9	337
859	735
859	805
91	7
668	72
933	170
1155	181
668	184
668	230
668	706
668	750
1373	869
324	39
552	409
1352	507
324	563
607	74
17	139
437	173
1029	269
1202	471
17	515
726	519
726	531
726	543
726	686
25	4
998	162
17	185
448	225
509	646
448	792
17	186
515	52
991	130
1258	240
515	327
515	615
1258	622
1258	656
515	727
991	868
1405	881
63	6
328	32
832	94
755	129
832	173
328	192
832	227
832	303
1160	318
279	351
86	358
1405	474
1323	676
832	762
1160	862
665	72
577	149
665	168
665	219
665	340
665	351
665	462
84	563
665	603
665	638
227	680
665	718
468	723
202	22
370	40
339	62
339	65
619	66
339	69
781	241
339	243
619	258
370	303
619	309
202	322
202	374
202	376
370	385
339	428
619	503
339	549
551	556
551	585
202	591
370	642
619	661
998	746
1307	779
339	784
370	801
17	3
339	41
249	88
339	126
279	130
339	145
339	177
1163	183
339	185
748	227
1175	257
883	353
339	456
883	663
1405	698
1175	733
1175	808
72	846
1163	877
440	44
440	63
325	70
279	198
440	227
52	258
325	306
1093	307
395	344
325	428
440	751
104	9
1083	158
725	194
426	226
1373	508
1176	686
311	689
1001	132
1093	163
395	336
395	437
1216	608
30	680
265	27
335	164
265	173
1352	329
1352	410
442	420
343	544
909	113
186	465
909	630
349	665
227	686
1043	700
67	6
67	62
67	90
67	92
898	121
973	126
973	198
973	295
338	725
864	107
1305	398
1305	604
1305	641
54	805
884	822
253	870
750	89
750	299
1198	354
750	560
1180	578
1180	588
1180	643
1287	707
691	74
743	86
743	87
235	167
783	226
1039	301
835	318
943	348
691	509
743	521
743	605
691	645
126	11
760	91
703	117
1019	232
1044	344
1019	451
1019	465
126	515
1019	578
1132	615
1354	734
126	797
1044	883
150	14
577	61
150	70
577	130
758	237
577	396
691	454
577	686
22	115
107	116
107	173
107	188
1222	227
126	258
107	333
107	347
1191	393
22	475
251	519
319	543
961	701
307	815
107	822
384	41
947	119
117	208
603	233
40	357
384	416
389	478
1373	551
384	647
1359	775
603	837
17	20
520	53
611	130
1310	335
520	346
520	434
520	574
537	579
611	680
520	803
1385	840
207	654
338	833
55	6
55	107
584	226
1336	306
563	341
1336	358
55	690
63	690
1336	706
868	101
953	477
510	486
510	507
953	820
691	847
1269	690
489	46
845	94
845	103
237	104
845	104
1143	176
489	179
845	258
489	279
845	295
1143	501
845	680
1056	818
1070	198
275	258
1321	291
453	589
275	766
573	799
1163	820
275	846
135	25
432	131
254	154
1317	323
1114	338
314	448
1298	568
1019	597
254	617
204	761
1298	853
314	864
131	12
1039	227
1039	424
1039	606
131	654
1039	837
611	65
279	225
1053	233
175	356
365	566
279	686
388	43
486	46
486	47
388	56
486	69
633	94
486	94
486	103
486	279
486	393
486	582
277	645
486	701
486	706
388	759
633	811
388	811
388	841
260	27
260	94
750	156
54	275
531	321
54	457
1352	482
54	506
54	508
531	626
1085	707
260	730
516	790
1261	279
354	44
675	73
432	229
35	248
35	249
543	382
1363	402
1363	419
1354	718
821	754
1363	778
1363	847
116	11
790	258
1068	285
368	385
116	443
790	879
19	3
509	57
615	66
19	156
19	280
19	380
19	505
1036	599
19	632
344	35
368	39
67	65
67	77
19	92
19	120
675	144
19	167
19	187
344	191
368	207
67	224
1132	380
344	387
344	450
19	497
67	523
19	580
344	676
344	677
19	706
453	53
897	107
938	120
615	197
897	243
897	245
938	245
790	392
1135	813
469	873
31	5
419	44
419	178
31	367
419	372
215	403
215	446
31	569
215	691
842	715
52	83
790	94
943	117
584	123
943	174
343	411
1335	575
1335	698
790	706
1347	318
38	374
1387	402
38	405
1347	530
1347	548
1347	654
788	695
1283	706
626	746
1347	750
1347	755
1283	802
788	845
16	3
1292	419
1400	458
389	715
1423	838
1413	855
350	59
603	64
687	74
350	227
897	321
843	373
904	472
113	547
883	578
687	605
113	744
306	762
396	68
615	94
917	115
615	168
396	384
396	686
917	706
900	752
396	768
682	74
1083	458
938	476
1398	508
1398	509
1398	611
1398	767
1185	785
1398	805
66	828
573	167
431	680
164	728
1385	772
164	795
321	42
1170	207
682	226
801	324
1170	412
321	417
1274	565
321	587
1101	608
321	654
1170	798
321	799
155	814
155	845
622	863
274	29
275	29
298	30
710	76
298	94
274	106
972	141
274	167
275	243
387	274
274	332
408	558
409	561
710	574
710	595
797	658
298	659
1206	662
726	663
408	678
274	746
275	779
610	807
1206	867
119	94
1085	158
657	198
119	233
119	239
119	503
1292	597
687	830
938	116
1101	429
1101	551
1422	610
1235	888
116	207
116	319
89	458
2	515
1031	611
655	811
1031	848
310	44
310	74
1186	198
1256	236
1256	266
1186	285
992	602
1186	735
1186	811
1014	888
622	66
264	167
1405	695
62	6
507	50
350	151
435	183
435	217
350	238
350	251
62	285
62	295
102	458
696	473
971	494
745	506
696	555
971	571
745	578
696	596
745	604
350	624
596	666
435	679
745	706
417	706
62	734
971	844
1068	879
95	46
95	279
436	343
459	349
596	458
1115	563
898	696
459	706
95	780
63	789
898	811
95	867
859	97
1115	501
859	506
135	689
961	706
961	709
1016	750
961	750
529	799
1208	810
2	0
445	44
458	46
573	208
458	226
458	240
458	691
458	730
723	789
84	885
68	6
1305	465
949	732
102	94
102	95
721	107
102	116
1052	154
102	163
102	184
102	233
102	234
721	278
1052	278
721	299
102	428
102	578
102	705
68	734
1226	211
410	222
113	258
1066	276
1066	311
102	437
881	617
1226	762
1226	803
1226	848
10	849
268	28
805	94
1316	285
1056	352
1316	419
84	577
622	762
496	147
750	217
750	258
750	562
1418	889
629	67
102	72
748	97
881	104
629	130
102	173
629	199
1283	258
1283	285
1072	509
1422	759
1320	799
1422	802
102	858
0	156
959	215
1248	233
1290	262
1248	331
959	332
1248	347
1248	574
1248	579
1422	614
19	615
1268	646
1422	669
1290	675
2	690
1248	776
2	777
350	61
512	168
558	650
1410	763
362	791
1410	840
1043	888
323	703
745	883
446	44
440	181
1169	187
656	285
162	362
1398	429
856	504
1360	739
162	755
1200	829
1200	830
856	836
1120	168
1216	207
1120	208
309	285
1379	387
1216	419
1216	486
1216	493
1120	519
1120	574
1379	632
309	645
309	659
1379	682
1120	721
1120	820
1044	859
1064	225
1064	226
1261	242
278	574
113	657
1064	802
113	808
1261	848
1261	854
156	258
156	329
1388	438
1388	465
545	499
1388	606
545	678
721	749
848	851
425	862
460	285
460	326
602	528
460	574
1422	603
190	688
278	753
1215	795
316	31
1329	707
1329	743
1329	867
309	31
320	32
53	47
345	115
320	198
320	266
554	313
100	405
320	761
446	769
131	20
829	303
116	340
829	419
131	439
131	501
116	506
316	718
188	20
188	47
188	142
188	231
904	378
188	587
519	589
188	778
515	794
33	5
36	5
73	28
400	59
854	95
854	98
33	116
33	212
195	376
73	613
1421	614
323	681
1422	706
1327	835
33	876
38	5
550	61
792	94
550	156
2	224
550	227
550	330
792	349
1185	413
1259	620
792	657
521	730
843	880
1251	362
840	406
20	419
230	565
701	762
162	789
511	835
399	101
701	116
303	168
303	208
1222	258
75	342
354	397
1274	488
1274	537
1222	667
1422	779
75	785
75	822
1274	831
649	174
1359	357
1094	497
649	659
1094	704
884	785
1094	793
541	843
1094	887
1267	247
761	258
1292	328
338	507
502	285
874	295
554	626
554	781
708	888
77	6
176	73
176	144
839	226
839	280
77	335
77	353
145	363
44	370
1372	615
521	822
521	823
521	825
267	27
267	227
1341	311
35	318
170	345
1341	428
1343	559
170	583
1341	588
267	658
1283	664
1341	795
1341	834
338	54
825	120
116	192
825	258
1286	310
710	95
710	279
710	321
1410	510
710	730
1075	748
1075	749
68	754
1410	772
761	788
710	793
879	866
663	72
974	127
974	262
109	646
974	663
348	673
316	753
974	889
234	94
1388	435
1353	596
1353	811
1068	156
1176	189
1343	311
836	779
1176	785
1343	882
32	65
731	185
1372	428
1372	645
2	778
23	892
316	311
351	365
898	789
704	75
878	103
704	137
704	271
1311	285
1330	303
1157	372
1330	404
924	452
396	457
545	475
704	494
1311	517
1330	521
924	558
545	558
1330	558
704	588
645	594
545	676
891	693
1311	714
1134	728
1134	796
1134	805
1134	835
172	19
51	46
963	121
1307	279
51	327
787	330
172	371
938	479
1075	507
963	592
1222	624
1075	650
1307	707
1075	742
72	6
389	43
889	105
51	148
312	233
72	245
348	251
889	258
890	280
889	310
1176	408
338	504
72	521
889	563
611	601
1225	636
889	696
890	716
72	736
1307	793
296	30
303	31
1109	178
296	208
1109	213
1109	349
1109	398
1109	706
57	771
1109	773
775	257
1173	261
275	285
1410	830
944	117
944	120
944	195
1314	285
57	408
944	503
1314	503
410	618
521	667
944	769
54	838
54	6
107	9
145	14
445	72
839	521
1307	710
107	785
177	19
177	44
177	156
607	167
177	692
177	811
84	6
149	14
149	47
149	99
149	173
1266	245
1266	398
1266	404
54	475
732	523
1266	578
1266	763
136	814
149	852
500	48
927	116
927	174
204	198
927	198
51	285
927	294
1235	583
927	680
927	706
927	761
51	769
51	826
18	832
1261	840
1410	845
51	865
88	66
54	113
88	115
960	120
1127	168
88	286
268	334
1128	431
575	454
960	512
1267	611
1128	706
1267	707
960	707
960	813
1411	828
960	877
57	62
1193	197
1271	251
1327	731
176	19
820	94
821	94
808	188
717	324
1374	385
62	479
808	577
820	769
410	795
410	834
27	4
350	688
836	706
836	802
350	816
839	120
1194	197
1004	273
406	351
406	400
777	491
1329	814
406	820
387	42
54	192
387	233
54	319
175	408
900	408
387	483
1375	558
116	615
103	706
410	728
54	799
410	805
109	22
738	85
650	184
738	234
51	235
650	336
1371	419
1371	686
51	877
836	94
836	96
836	257
836	258
836	273
306	835
541	57
1004	133
838	241
1321	304
933	333
1321	376
838	542
86	890
309	754
271	773
943	785
1321	786
1321	873
51	48
51	49
639	69
1165	183
639	258
639	595
338	749
437	204
1137	213
51	272
1137	418
141	692
1190	866
141	870
1183	207
1339	309
1115	360
1132	578
1115	718
1183	850
356	887
765	92
880	103
880	107
68	258
77	258
880	497
765	617
68	706
77	707
1083	811
880	887
103	46
608	65
697	165
1329	303
165	325
410	428
697	670
1353	696
697	779
372	816
1310	885
102	125
102	191
102	519
102	651
197	655
936	807
936	811
100	815
282	44
898	108
1124	304
1124	578
282	680
1124	785
137	12
488	68
779	92
137	94
137	198
443	264
779	394
994	416
137	470
1125	504
1413	523
1125	578
1125	686
137	707
136	779
278	29
325	32
325	116
897	172
1259	240
2	250
450	281
443	480
443	587
1259	607
1186	707
1259	779
1036	813
24	4
312	31
312	51
259	72
24	198
278	237
1191	507
1398	728
1191	767
1191	812
1398	835
1122	869
1191	869
142	14
700	74
1081	156
102	188
296	285
102	318
700	428
700	434
409	587
516	682
615	686
700	779
259	804
102	805
700	825
1003	133
705	137
1003	295
705	379
705	488
1038	519
136	12
237	25
418	44
418	61
418	74
418	79
839	94
418	156
1183	192
418	198
237	215
157	227
296	227
136	248
136	249
259	321
259	518
296	519
296	574
418	639
132	644
418	706
839	706
91	778
599	802
599	839
259	851
1183	869
102	22
200	22
631	67
631	68
372	69
1125	168
372	239
200	322
200	326
51	330
631	413
200	435
631	503
631	576
631	627
631	686
113	762
631	811
37	875
866	893
371	40
281	50
797	94
281	148
797	156
529	156
281	215
575	266
529	275
648	336
37	507
651	531
1148	637
1424	657
281	678
797	680
529	748
1424	799
112	811
112	820
1424	883
303	50
1144	191
113	251
1122	323
1265	477
296	779
1144	795
216	25
133	260
36	269
216	285
216	320
36	374
216	519
216	574
80	6
367	198
546	478
320	504
367	511
1330	564
625	625
320	673
625	708
320	748
80	811
259	27
450	61
772	92
259	117
348	140
259	184
450	233
348	300
1038	307
772	314
320	489
1038	656
320	675
772	706
1098	771
772	808
348	836
772	879
1127	212
303	605
303	706
113	803
1343	844
102	9
464	105
464	574
102	663
102	692
1317	869
725	79
205	216
1178	225
320	403
1388	405
760	706
113	10
77	41
77	44
591	62
767	92
906	112
409	184
77	197
1179	211
76	226
76	555
113	556
869	736
77	736
1179	826
767	848
174	19
453	45
676	150
1093	176
453	233
54	599
174	618
453	773
174	801
453	808
446	872
205	156
373	156
512	156
205	214
785	548
177	599
615	657
1215	852
934	116
1169	196
852	369
1401	458
1401	556
1401	591
1136	762
1122	836
12	2
12	92
1118	168
1215	207
1118	329
446	330
455	384
765	394
1118	465
1215	578
12	696
765	706
12	776
1118	876
446	876
141	279
852	430
852	434
113	624
852	645
938	706
3	768
3	824
113	854
625	67
311	115
919	115
625	167
651	301
919	323
919	682
778	707
651	802
657	809
651	828
280	42
1220	210
663	210
1233	216
663	228
1174	279
280	286
338	391
663	455
1220	504
324	542
144	547
1174	594
106	745
1209	779
1174	817
1220	831
1220	848
464	46
359	183
1186	194
1315	285
464	371
464	393
1315	706
1315	839
804	865
1331	882
732	83
1251	233
1194	235
1196	338
146	390
732	581
1400	632
1196	664
1400	682
1251	698
1400	711
1251	845
1251	881
666	72
910	156
666	481
666	535
1196	594
1196	692
493	762
546	74
749	89
150	47
650	71
136	94
136	103
150	116
433	117
1142	175
1214	206
650	406
433	535
325	679
1410	715
650	761
325	803
1343	875
18	891
425	44
633	68
633	83
1038	174
425	192
1239	256
425	286
633	380
633	381
633	443
425	494
362	507
425	521
1284	632
425	820
311	74
639	103
639	104
639	106
959	120
959	158
639	208
1134	222
496	251
496	493
368	507
368	563
639	603
311	682
496	705
1355	823
1272	263
1196	279
1381	390
1272	415
1196	492
663	514
1272	613
965	690
1272	786
593	115
420	127
1335	306
1385	401
593	428
1056	467
1202	504
1385	536
1145	543
1385	593
593	805
1248	837
1385	846
79	74
41	269
731	504
1104	689
1141	275
54	471
1324	543
538	802
1113	891
406	44
781	93
879	103
140	159
406	184
140	268
1308	293
820	377
140	422
179	482
820	506
1308	690
140	692
781	743
140	831
136	198
1083	207
1245	253
799	282
1186	356
1245	453
1233	630
1245	699
799	773
1245	869
926	116
1286	258
799	286
409	572
799	620
1013	827
1013	858
1119	864
116	885
686	80
699	94
887	104
699	168
56	185
699	208
699	258
1043	422
995	422
547	644
1404	707
699	721
1404	786
18	805
1404	834
569	61
768	92
873	103
768	119
855	156
503	168
855	181
569	233
873	261
280	274
543	332
1276	484
855	571
503	578
205	599
439	659
768	667
768	679
768	785
873	789
873	804
165	17
970	126
970	195
224	226
593	285
701	310
224	401
701	692
707	759
593	762
378	869
271	28
434	48
956	120
1319	289
1319	304
891	361
1233	384
1214	430
1042	690
1319	785
546	58
281	122
54	208
54	233
1284	278
409	351
984	353
1193	546
1216	667
113	690
807	706
54	776
54	785
136	785
281	809
692	839
281	839
1374	844
1251	865
336	880
749	883
88	6
984	130
56	186
984	322
1054	387
446	645
174	779
849	95
227	130
51	166
51	251
19	253
51	257
51	279
19	353
951	355
726	386
19	589
849	676
336	679
1105	706
365	752
862	99
1038	233
1210	249
862	321
258	405
862	408
430	592
1038	603
862	707
258	762
862	771
54	779
1218	875
648	71
406	94
70	152
116	201
648	321
1423	645
1423	794
1423	795
994	843
518	53
398	59
556	67
872	103
398	106
556	238
80	487
872	574
1272	611
37	5
37	38
827	94
37	375
827	415
705	504
705	662
827	706
37	760
827	789
1415	833
180	20
777	92
788	94
699	97
686	116
887	116
981	129
887	154
180	178
56	192
699	197
699	203
56	207
981	207
887	225
788	314
981	374
887	458
1119	572
1214	623
788	698
708	722
981	758
699	781
686	825
981	836
424	44
919	128
1117	168
723	175
919	266
84	311
842	352
970	357
970	390
412	437
919	481
412	484
18	488
1117	535
919	563
970	707
412	811
1117	819
723	885
88	44
323	330
1257	354
1214	509
1356	552
476	642
424	705
88	706
338	740
338	764
1257	821
776	198
459	279
1117	287
42	422
707	693
1278	762
1406	800
319	31
818	94
818	156
494	216
784	282
818	285
1055	303
1055	419
674	465
1055	521
818	624
287	643
1400	660
1400	661
494	674
1339	706
1055	763
784	773
784	811
1317	819
818	826
784	877
409	205
965	285
1286	801
1286	811
965	858
1083	187
80	494
80	497
548	667
170	18
686	74
846	94
136	130
213	153
312	208
1284	258
136	302
846	333
170	858
57	66
778	92
799	94
799	107
799	156
307	172
1137	603
1418	762
585	798
778	837
100	9
500	94
500	96
500	258
500	632
511	794
561	61
784	94
379	94
561	233
356	233
786	254
379	278
561	394
356	574
561	601
379	607
260	620
260	621
102	696
379	785
561	808
651	71
317	94
431	163
417	261
431	293
1268	383
1374	399
3	554
165	614
417	661
280	707
1357	750
530	811
431	44
431	51
1038	149
31	213
292	303
431	304
431	306
1353	330
31	368
431	390
686	437
1079	447
431	660
180	784
500	810
180	811
775	92
775	225
1276	258
1197	375
278	492
775	781
1418	811
775	886
1042	152
135	179
1042	368
1267	419
56	422
1267	428
1267	524
135	564
224	566
324	653
1042	701
1235	743
1042	803
182	47
522	54
112	61
606	64
606	190
606	192
827	215
606	224
189	507
1101	560
968	703
507	763
606	785
507	872
224	25
429	44
224	61
224	84
452	105
224	199
8	337
429	342
1237	601
224	707
8	811
1237	883
876	103
406	166
1309	280
1309	315
1309	316
1309	319
1309	355
1145	362
301	376
1118	402
428	422
136	605
301	607
1309	716
292	735
876	803
478	46
478	100
999	136
857	156
857	164
1167	184
1235	224
478	279
857	347
1276	353
51	393
478	412
1167	497
857	517
1337	544
100	556
1123	724
1167	746
839	839
478	864
1167	877
292	30
472	46
501	49
501	51
1185	194
292	201
501	208
796	226
472	279
472	371
1414	530
64	619
1414	633
911	665
796	680
796	706
501	721
292	786
1151	801
292	865
501	879
501	883
417	44
521	87
311	94
237	94
871	108
512	115
871	120
521	130
311	166
1136	183
1136	208
311	234
311	239
237	258
1331	303
521	387
871	415
521	431
116	434
871	492
871	494
1026	498
622	680
521	720
24	6
366	39
366	94
988	130
988	131
366	133
20	184
366	209
366	353
167	405
30	415
366	418
366	468
988	521
366	544
24	565
1419	565
366	588
1419	596
1419	640
1419	649
1269	745
1144	746
988	746
395	766
395	771
24	808
298	859
553	60
609	65
366	116
366	117
302	120
384	129
1117	195
1278	253
132	268
553	279
486	301
553	304
553	332
1076	335
609	381
384	522
478	779
553	789
384	811
9	1
9	14
297	30
297	50
478	55
782	94
9	95
314	99
871	102
782	149
77	156
30	170
478	201
9	228
9	258
1291	402
1247	514
384	515
9	542
1374	638
297	666
9	692
297	718
782	779
30	785
871	891
1068	184
789	198
1357	339
1105	388
1105	811
179	20
634	68
189	170
762	198
956	198
634	289
869	390
1384	393
634	411
179	515
602	518
634	663
956	684
1076	686
181	692
179	696
634	765
179	775
869	785
573	831
189	869
1384	875
956	885
311	31
733	83
302	167
1351	326
180	410
302	468
478	525
925	647
478	696
925	887
874	116
966	124
1017	140
488	165
149	200
1017	382
1017	387
378	387
378	412
684	419
859	431
966	453
747	525
966	551
1393	578
439	615
966	691
966	699
488	706
874	762
1017	794
966	832
966	833
966	834
60	6
597	62
721	78
597	94
597	103
721	106
60	116
368	275
597	295
60	519
366	578
366	662
366	663
478	692
366	706
1147	781
60	878
261	878
302	882
261	885
225	25
809	94
809	163
475	268
475	368
475	384
475	439
1315	584
1085	686
1055	772
809	773
1055	824
276	878
314	51
865	100
865	118
314	258
865	376
10	388
865	401
865	556
859	615
865	708
10	858
1324	862
1324	869
1425	893
70	6
302	94
366	95
366	156
1111	167
366	184
302	233
366	234
1224	242
1013	250
1111	258
1324	300
1111	360
1384	424
366	455
1111	466
684	686
1111	789
302	803
302	878
600	879
327	64
367	94
1323	389
367	548
1314	698
327	711
1314	845
1314	846
600	63
748	115
225	170
600	195
1048	284
600	349
886	353
748	387
1240	407
707	519
600	632
1240	706
6	1
6	41
6	44
165	45
6	61
6	84
968	125
366	137
6	156
6	168
478	200
205	387
366	456
205	458
164	521
164	869
6	877
580	61
1119	168
1172	188
281	478
580	600
367	71
580	94
302	117
776	148
1098	164
302	166
366	323
1098	352
516	412
580	419
516	582
302	679
580	706
284	778
580	779
338	819
350	74
302	76
885	107
364	145
885	162
364	232
1384	594
802	649
364	687
510	50
920	115
488	116
1012	138
574	140
1012	144
869	195
574	209
920	215
920	220
1012	362
51	374
920	387
488	428
1012	470
920	475
574	544
354	546
1012	600
802	640
1012	690
59	6
302	31
913	114
881	116
913	215
913	220
881	234
1104	254
1017	381
1133	386
1017	431
59	440
333	443
913	475
1133	483
1017	488
1017	505
9	519
1017	585
1017	615
1340	784
344	74
366	163
344	181
344	192
307	237
307	261
396	271
344	505
302	519
913	690
470	708
508	754
456	45
851	95
913	115
851	117
851	197
1230	213
913	218
1230	553
456	589
456	698
456	766
1230	795
851	799
1230	834
456	846
913	884
53	68
268	74
698	74
1079	156
698	156
1094	163
1079	207
1008	226
1008	238
53	361
698	419
276	492
1079	504
276	661
698	686
1008	825
276	839
18	14
885	104
1133	172
1133	204
885	233
1268	250
885	251
998	323
302	398
29	428
705	505
124	576
124	618
124	638
1268	697
1193	762
18	833
21	3
21	60
21	69
706	76
36	151
21	162
21	168
1245	230
21	266
1085	278
21	295
36	328
998	413
21	415
1258	420
21	577
706	627
1085	658
1164	759
706	814
559	61
761	91
761	92
998	131
1033	147
559	172
559	233
1017	319
1017	379
559	462
1017	504
28	521
1033	604
559	679
1190	785
28	836
28	869
204	23
70	707
1090	772
503	799
946	118
297	133
1185	307
902	349
1315	472
946	621
946	759
946	774
970	848
442	68
58	152
1191	195
58	199
1010	341
859	498
58	779
64	6
302	88
302	116
302	198
1162	276
411	407
302	419
302	470
1162	546
37	672
607	706
741	706
64	707
52	716
648	762
37	785
58	876
607	886
687	166
1151	178
761	198
761	208
1151	213
1151	283
1033	464
1319	517
1319	518
1172	645
512	728
674	784
687	788
598	62
886	104
1136	174
1136	198
276	258
215	278
215	297
1136	304
215	406
965	483
276	707
651	707
1273	752
1136	760
338	890
1086	159
1085	166
741	241
1086	249
1086	256
1086	405
946	610
1086	689
1168	706
1086	722
1086	782
1103	811
1085	869
227	25
680	138
227	163
1153	178
741	183
758	199
758	282
680	292
1017	443
888	624
1153	707
313	741
272	804
1153	837
272	853
1153	861
680	144
680	147
302	226
598	524
680	526
1153	574
1040	831
51	21
30	119
1101	165
51	168
30	215
51	241
51	288
189	318
786	419
1312	482
1172	610
51	642
456	707
1172	759
1172	762
456	779
51	801
1251	893
741	85
328	145
511	157
1003	171
1277	253
1277	354
302	366
821	378
1277	415
159	438
1277	452
1277	469
1003	503
129	12
129	13
129	16
560	92
459	103
459	106
129	179
1217	208
1218	208
560	308
129	322
1231	331
584	521
584	578
1217	669
1217	714
584	756
1168	762
1217	774
56	6
891	178
1153	184
778	233
778	574
108	119
108	339
680	693
680	777
108	789
518	859
3	0
688	74
822	94
753	104
1095	163
1095	301
60	313
1095	403
822	679
1095	686
688	698
822	706
1095	707
340	890
1130	169
1130	291
1093	517
1130	574
786	680
367	853
261	27
891	116
261	167
470	178
261	227
261	233
1272	251
681	264
261	574
1272	602
1272	709
681	811
103	9
30	15
474	46
1146	177
30	197
474	279
1146	397
1146	399
580	457
877	579
470	594
822	607
470	692
1066	769
470	782
323	32
175	88
957	120
957	233
957	258
822	317
822	353
807	361
822	407
957	470
1224	474
132	692
822	787
957	877
1369	893
29	5
29	11
393	60
393	94
1064	156
725	165
64	192
29	239
29	266
1129	294
1064	480
29	494
315	504
1243	519
1129	603
680	690
393	707
29	731
317	784
29	833
29	834
29	850
64	11
291	30
291	44
654	81
302	87
688	87
223	94
822	163
822	167
319	198
20	205
302	208
224	211
822	233
302	285
64	379
822	387
654	406
291	436
291	470
822	499
1124	554
822	578
703	603
703	690
319	707
688	786
291	825
545	835
4	0
4	70
4	94
1089	160
315	177
315	209
1302	277
1302	285
4	303
1089	314
315	446
315	447
315	507
1089	519
187	552
1313	579
1302	669
1089	706
1017	716
1127	722
650	753
315	757
1089	761
1210	763
276	766
1302	769
1302	849
315	889
837	94
837	98
837	188
64	191
280	198
778	208
366	233
867	271
867	419
741	539
615	626
867	785
741	789
867	793
1289	893
802	94
802	116
71	258
71	285
1346	315
1346	319
1346	517
71	706
802	707
914	713
1253	748
1346	769
71	808
1253	845
550	59
574	77
550	80
550	88
574	95
666	116
786	133
1090	161
666	167
243	204
550	387
309	549
550	659
574	686
550	781
306	31
965	198
960	230
309	367
330	727
71	6
317	72
590	94
777	116
590	167
529	192
590	198
777	233
51	321
23	395
55	401
51	444
23	479
1273	600
51	728
1146	757
1393	765
590	773
777	774
51	805
393	43
635	103
903	111
1037	148
903	154
1037	166
726	167
1037	198
903	208
903	233
1037	574
903	575
938	617
1037	706
304	718
635	761
903	762
726	785
304	802
0	0
132	12
0	192
0	207
0	285
1302	291
1169	342
0	355
931	360
789	436
969	455
0	516
931	601
1190	685
0	699
931	786
224	831
931	858
310	872
175	68
575	234
1265	413
302	527
1127	537
1265	580
575	662
1265	686
708	769
1378	794
1273	871
153	15
153	22
153	269
1340	309
153	318
153	462
175	667
519	680
153	684
1340	707
167	883
310	31
590	62
590	63
617	66
890	258
1278	319
617	388
890	428
1278	464
1375	507
786	659
617	706
56	758
389	763
1375	767
713	801
405	44
656	71
617	71
617	94
1071	156
405	184
1071	198
656	258
1033	362
656	456
405	479
1310	657
617	673
405	707
1071	707
405	744
656	773
617	785
1071	799
1033	883
50	6
50	30
50	50
302	107
302	156
380	198
50	519
50	574
445	578
1340	649
50	882
677	73
716	77
559	94
807	94
915	115
716	135
915	147
677	151
716	178
681	179
807	222
896	228
615	259
915	324
317	381
915	387
677	395
716	402
317	419
559	511
716	515
10	552
1053	552
677	697
807	707
1172	869
452	44
529	54
857	97
452	167
688	263
857	307
728	323
688	415
529	437
529	578
167	616
1218	649
152	696
222	825
326	32
1002	132
326	156
1269	367
457	428
326	480
681	501
222	707
646	707
1002	744
646	774
326	785
1002	785
1223	848
410	156
1139	174
1337	308
1337	472
1337	504
1139	604
1006	644
1139	656
410	731
1006	780
1139	883
508	50
684	74
696	74
876	105
1223	211
1223	242
1015	251
1284	263
684	277
1313	285
30	287
1025	287
696	295
895	317
309	319
1284	415
1015	476
854	521
892	643
876	706
696	720
1313	804
1313	811
880	811
684	825
854	869
32	5
693	74
895	106
693	116
650	160
693	161
693	167
693	172
693	234
693	273
309	316
32	381
693	409
32	419
1253	478
144	600
1223	618
693	683
144	695
693	706
693	707
821	728
449	748
693	785
888	802
1253	814
144	855
449	856
693	861
32	867
693	878
449	889
723	79
56	364
222	717
1223	762
503	49
870	102
870	106
870	107
302	115
1154	178
1154	213
870	275
870	342
1006	801
393	878
1343	883
350	35
314	41
350	44
748	88
786	94
350	98
350	127
350	145
310	172
350	239
350	279
350	396
260	516
1154	539
86	643
1146	672
350	706
350	736
1154	811
699	863
705	75
272	156
705	178
272	270
1032	295
454	361
1032	417
1032	503
454	649
705	663
1032	696
56	706
456	715
1032	808
1032	811
119	11
224	41
512	50
512	91
150	133
512	142
119	168
1039	279
456	285
89	376
119	434
119	624
512	706
512	708
499	709
512	746
1016	748
1192	749
454	775
456	830
454	883
575	61
1032	146
576	154
575	198
1275	304
1259	387
1275	390
1374	433
576	481
1275	657
1275	762
152	15
152	21
512	428
456	573
1304	791
152	799
152	815
1253	830
1217	854
423	44
524	54
423	61
423	116
854	116
674	150
1028	219
1297	268
1258	342
423	455
320	524
428	536
1379	563
854	679
1387	766
1258	836
1379	857
294	30
114	36
412	44
642	70
512	94
642	95
112	132
84	153
307	156
642	167
642	172
412	184
307	226
367	228
842	265
642	342
307	405
307	706
642	773
412	785
789	811
301	31
575	455
786	651
932	116
302	218
932	233
932	285
429	299
932	574
932	601
499	769
307	31
646	70
90	178
90	363
90	633
646	659
646	686
646	886
519	116
1372	381
205	423
711	583
338	783
304	789
476	56
786	279
1317	428
524	481
476	652
1002	869
90	7
108	10
365	39
521	53
108	144
521	145
1076	156
108	174
302	239
1025	535
521	578
456	598
521	682
521	686
1253	715
1253	759
456	763
456	824
272	28
545	58
713	77
272	163
582	209
545	215
164	279
582	308
1310	419
272	497
47	611
980	691
980	761
545	763
1141	798
980	832
1310	839
980	856
980	890
512	149
924	151
314	419
512	578
1040	679
1250	682
1056	707
1056	785
980	852
1096	163
1096	194
57	198
1096	227
1327	302
980	869
605	64
1017	268
1017	782
760	782
1017	842
658	71
902	111
301	116
658	167
766	213
51	268
681	292
658	497
1371	549
1052	641
902	706
902	879
902	882
97	13
222	25
615	194
910	218
222	415
910	459
657	555
1381	754
1210	828
1125	869
1381	871
682	872
164	17
867	101
825	156
779	183
144	236
654	258
825	285
654	299
867	463
654	617
1260	681
654	886
146	14
1030	148
1030	198
1018	494
776	539
1247	748
766	789
146	795
1030	879
147	14
187	20
842	94
751	145
147	156
842	174
842	220
842	285
205	329
187	465
1309	524
189	587
187	652
276	660
456	706
1390	799
189	866
147	72
605	156
57	170
605	198
928	208
727	217
727	222
1317	287
1032	304
57	413
57	419
147	455
1032	477
1208	605
928	644
605	762
63	779
928	814
928	116
1192	196
1119	762
1	762
1376	869
928	879
1119	886
94	7
51	82
706	94
508	166
529	226
1296	268
1296	279
1308	280
1296	291
27	297
1308	316
1308	355
222	432
1296	439
1296	465
1374	472
1181	484
529	504
1181	546
1296	569
529	572
508	574
1181	663
1181	667
1181	675
508	706
821	731
1102	755
1304	798
1387	808
56	825
706	830
1404	884
680	73
147	94
147	116
1065	156
1065	221
1065	225
1065	239
1065	257
680	465
167	508
167	545
1065	683
928	706
1353	779
680	892
582	61
598	64
302	79
53	94
1020	141
1073	156
1073	163
1073	173
791	206
1098	206
53	285
1098	290
791	295
582	332
441	342
64	381
1073	621
53	651
1073	705
53	706
1291	729
53	763
18	836
441	852
1073	865
300	31
385	41
300	50
371	88
658	94
106	112
658	116
851	116
615	157
649	163
1188	195
658	198
445	209
1253	234
1142	281
1188	283
385	315
1253	351
167	381
529	413
385	425
167	429
385	458
167	487
445	544
891	556
658	574
167	615
445	650
529	674
1142	706
313	739
330	795
106	892
111	195
75	784
1387	860
744	86
330	163
302	215
744	227
1283	350
744	360
744	456
64	487
744	803
94	145
766	279
766	465
766	611
1058	644
402	763
402	766
402	788
766	824
402	845
302	360
362	74
931	116
341	137
341	731
1293	802
1167	875
37	12
37	80
37	91
900	110
27	174
1281	257
1281	258
564	500
1281	603
139	692
27	779
1281	785
341	35
302	96
190	147
1190	195
1247	232
913	270
57	656
94	794
94	833
57	6
519	53
300	94
300	107
1053	154
236	158
236	266
990	408
236	531
1414	554
300	762
990	771
688	859
820	186
1101	387
84	432
457	713
57	886
894	196
894	198
894	551
30	577
419	811
30	827
1192	856
189	44
189	47
579	61
1006	134
579	167
1237	224
1295	268
309	471
309	505
579	519
1006	556
579	574
189	663
1295	684
1295	692
579	707
777	811
56	856
302	860
11	2
733	96
579	188
926	285
1356	337
1297	405
11	476
811	547
1295	569
378	41
432	50
681	73
728	81
579	122
681	138
851	188
184	199
1048	208
1048	234
681	419
1371	428
681	434
90	690
378	742
1048	748
378	748
886	894
685	74
679	654
1300	763
302	857
811	871
714	115
979	128
979	133
1233	311
10	410
714	419
474	440
714	475
714	558
714	563
979	604
714	676
714	678
1326	707
811	851
979	894
714	77
714	82
1301	276
714	329
1301	419
714	437
1301	581
456	759
281	796
714	820
456	829
1301	862
1123	168
1123	232
937	253
811	293
1123	506
791	574
1123	578
1381	696
1123	804
791	811
937	824
428	894
128	11
511	50
692	74
1019	293
1302	322
1019	354
692	603
128	728
511	731
128	758
692	779
692	808
1025	819
128	834
879	897
271	167
1232	215
1232	218
1232	220
1232	387
1232	674
119	826
1050	884
8	894
1069	894
5	44
791	94
791	102
791	107
603	811
582	844
399	891
1096	188
1291	268
467	272
378	428
103	581
1295	842
293	897
395	43
766	92
785	94
800	94
833	198
1275	252
785	291
724	353
785	358
800	368
1198	374
800	404
936	405
724	465
936	655
27	684
724	690
833	707
833	761
724	773
833	811
281	84
88	174
1198	416
281	578
88	593
19	699
19	725
15	894
1375	386
1375	578
811	853
402	43
1092	198
449	441
551	499
276	521
371	894
8	897
124	11
399	43
551	59
842	116
842	117
512	143
842	166
842	167
1181	192
272	195
399	197
862	211
272	260
399	345
715	425
1181	578
715	594
399	762
1181	765
913	811
574	61
1022	176
132	178
1096	197
132	213
574	226
1296	628
574	638
1096	743
1022	806
979	821
979	827
272	884
304	81
747	88
823	94
747	102
786	156
953	167
823	198
1161	227
1121	327
1121	584
680	601
834	707
1121	799
1161	832
167	852
1121	880
1067	897
51	14
782	93
782	210
122	319
51	326
782	434
782	443
51	554
782	842
985	894
985	897
525	54
838	94
569	100
525	126
525	162
569	197
791	198
456	203
1168	226
1294	267
838	465
1280	485
1280	556
838	594
525	626
569	717
838	777
292	94
1138	174
292	198
1138	220
1249	233
1138	233
1138	574
1138	579
1138	607
1138	660
1138	707
1249	761
805	843
1138	877
1249	885
1108	897
232	25
232	52
232	94
613	170
232	198
232	279
1020	292
499	303
1249	706
232	880
992	894
53	6
781	785
505	50
467	54
467	65
910	113
467	172
467	353
837	381
42	440
167	449
467	492
1291	707
1278	852
1263	894
168	897
457	130
1292	405
197	440
197	589
197	775
1292	848
457	868
1292	881
1262	897
1043	897
811	94
761	116
625	280
377	436
811	563
715	77
838	156
1121	174
434	219
1121	307
625	419
1121	690
306	782
677	146
1271	740
314	95
1055	155
1060	155
1060	168
1238	224
176	279
136	303
1238	393
1060	422
541	481
681	487
1238	525
1238	723
595	762
1238	842
1428	897
439	44
709	76
439	94
546	294
1128	379
36	405
1293	478
439	513
36	531
1293	598
1128	616
709	631
1293	879
755	116
1240	225
913	396
51	506
314	661
1240	803
56	805
97	8
679	73
1393	419
1393	428
1393	535
309	617
309	656
546	704
679	892
1294	897
454	45
964	232
964	507
454	707
454	763
728	706
1290	748
1403	840
1290	869
685	86
701	168
685	285
538	437
685	604
731	819
685	839
896	894
983	897
992	897
167	18
926	198
32	283
926	409
926	704
711	896
43	91
43	6
467	46
843	94
843	119
220	120
220	167
449	192
197	212
220	219
220	227
1289	312
220	336
220	342
843	346
220	366
220	437
843	477
467	521
220	574
467	638
220	656
220	661
43	679
43	779
467	794
467	795
843	808
843	810
1373	850
220	864
843	877
260	120
1141	174
260	279
1356	524
167	605
57	659
1141	835
596	62
596	184
1143	192
1060	195
596	251
1143	369
1143	405
962	490
596	497
648	759
187	178
139	279
1087	374
1016	427
1087	430
1087	506
596	612
596	762
1016	889
345	897
1273	251
807	289
638	883
549	59
549	293
549	354
549	422
1289	618
43	624
549	734
549	789
1289	795
150	852
1359	881
168	896
290	30
290	50
290	116
51	192
51	224
399	236
1291	267
290	419
911	468
911	517
290	574
230	609
290	657
698	724
1291	867
1078	894
1060	574
794	804
56	827
875	897
474	139
1326	301
714	386
474	641
702	677
702	857
430	44
794	94
455	229
680	370
307	519
794	607
794	683
794	686
307	847
572	61
654	71
572	94
572	105
136	382
572	455
1130	492
572	519
466	536
654	571
654	648
572	707
654	717
466	763
1130	800
1130	808
466	828
1130	839
980	128
10	159
1390	521
980	681
525	65
702	75
890	105
30	188
702	191
702	192
702	365
702	419
702	645
766	761
148	14
183	20
183	37
525	156
525	215
148	259
183	261
183	279
1201	416
148	500
1013	805
220	25
220	44
525	214
525	216
1274	251
220	706
1326	717
304	754
611	827
220	871
1108	896
694	103
709	121
136	201
1300	275
136	349
799	458
1300	703
617	786
709	869
1300	877
709	890
57	54
813	94
813	97
785	143
813	226
220	233
1214	295
1189	339
1151	458
1411	519
1188	524
1188	530
1411	574
1214	608
57	683
1188	706
1411	706
813	706
1411	726
1068	795
813	872
1189	882
813	883
371	896
1137	174
739	285
758	285
1137	762
301	799
1137	807
1426	894
1424	897
747	94
728	266
698	465
747	519
124	551
434	571
434	622
747	624
124	647
747	754
434	803
747	878
1426	897
82	6
82	226
1322	293
102	414
102	415
82	574
82	589
1322	669
1322	690
549	706
1186	799
1180	869
1322	883
107	22
456	202
10	685
456	787
1257	820
128	836
217	894
1294	896
708	897
15	897
84	115
1271	394
61	504
304	690
102	762
894	805
1076	851
439	864
541	883
1078	897
884	354
1326	403
1326	578
503	657
1266	785
637	894
1067	896
42	897
637	897
434	44
423	156
423	762
568	61
568	94
568	234
568	706
15	762
876	790
568	876
568	883
1062	897
385	228
888	396
385	594
711	895
1428	899
702	514
1076	531
124	619
910	706
84	863
708	896
94	11
466	46
595	62
676	73
676	138
676	141
676	151
94	207
595	304
930	530
930	606
94	680
930	706
124	727
466	775
930	785
873	823
94	852
70	895
102	550
849	707
1428	898
886	899
352	317
1419	770
909	834
909	836
1218	898
203	22
203	44
529	113
1220	209
802	255
529	351
529	676
529	687
1220	765
203	852
529	884
76	6
122	11
230	25
230	59
220	61
230	64
220	334
930	361
930	574
454	698
220	762
76	863
227	893
226	25
226	167
226	206
1280	254
30	475
226	611
226	706
1189	762
1189	808
148	158
148	707
1385	829
56	895
42	896
56	899
745	87
1077	156
1077	168
1197	198
1077	208
1197	220
1077	227
1077	233
10	251
1077	434
1114	464
1077	487
455	555
1114	604
8	681
1077	690
1197	707
745	812
1077	813
1197	865
1077	871
956	880
956	881
886	898
8	899
1160	899
585	61
751	89
751	94
956	161
585	269
585	284
751	504
956	626
227	666
249	707
751	852
711	899
162	17
499	48
1015	139
525	336
525	413
1015	501
499	528
1015	592
525	748
362	38
811	116
715	178
529	387
811	456
529	519
1091	746
227	746
227	811
1005	858
1069	899
58	6
789	94
10	168
960	226
937	392
1229	643
276	690
1178	698
960	769
1424	896
531	83
224	349
47	679
47	706
1114	839
124	25
475	46
476	46
475	57
124	97
476	123
1005	133
476	169
476	198
476	204
475	272
476	274
476	279
537	443
1168	459
475	515
189	641
476	693
1423	725
537	796
1263	895
637	896
1234	897
930	116
1047	154
602	206
1047	224
525	348
1297	465
930	485
1047	594
1047	697
1297	766
1047	801
930	842
1297	842
816	94
826	94
448	103
826	156
1114	167
820	192
826	208
1114	233
816	274
816	285
816	349
820	365
1358	637
826	759
1071	779
826	801
816	808
816	879
75	6
57	42
602	63
819	94
819	320
819	366
276	465
75	479
64	659
819	675
75	692
819	710
155	881
875	898
875	899
983	164
622	167
1237	254
47	333
888	394
1392	419
589	428
1237	485
1016	503
1392	519
1392	521
1237	556
888	603
589	707
888	779
1392	877
983	898
983	899
1358	355
1358	381
1358	449
1358	679
1194	711
1280	722
165	759
1358	832
1358	836
8	898
356	37
1091	163
1328	303
1328	316
1328	319
1328	355
1328	840
1328	847
1240	363
564	883
1426	895
371	895
41	6
41	50
41	181
41	657
41	877
1226	874
1014	899
1004	883
1108	898
673	73
673	283
673	405
673	445
673	584
673	684
673	779
1313	883
1249	899
498	876
345	896
1067	899
1294	899
