1686 962 12080
33 14
326 41
58 7
33 4
63 9
63 8
415 52
62 7
502 67
62 61
33 61
414 51
62 63
266 61
266 31
266 32
323 41
58 15
223 26
457 62
417 52
710 100
443 59
443 61
142 14
226 31
226 61
226 26
226 58
904 148
247 30
165 58
165 31
453 61
413 105
413 51
413 58
413 60
413 61
140 34
290 35
249 30
249 62
261 31
261 61
193 22
519 149
564 80
223 31
1314 241
1314 242
519 147
519 99
261 155
448 178
36 5
448 61
36 352
519 101
199 67
36 60
140 123
129 126
1004 178
1236 212
824 128
91 106
242 30
53 71
100 10
266 59
519 71
786 116
440 57
224 26
447 61
447 105
59 204
323 121
419 52
710 178
531 143
715 100
715 149
142 67
403 49
29 15
289 65
757 106
53 7
260 30
260 58
452 65
833 142
715 145
247 71
609 101
226 59
71 101
138 78
499 103
693 95
247 101
79 86
445 59
445 60
445 61
445 635
914 178
324 41
324 47
324 198
324 234
324 235
150 61
520 71
138 482
226 28
416 52
29 4
920 155
724 101
1185 193
63 315
150 30
249 61
804 218
709 99
709 101
686 413
292 36
452 61
440 95
752 106
1235 241
712 101
708 99
488 172
336 43
336 46
851 132
851 133
336 75
698 154
613 86
1206 198
686 93
712 132
289 35
712 100
469 65
1135 287
440 65
115 149
446 60
524 72
524 263
129 235
256 30
422 359
195 159
444 59
771 111
850 132
1390 359
418 52
619 132
1205 198
721 101
441 100
441 106
239 242
199 22
309 242
1471 318
321 57
462 63
547 78
119 80
1135 176
730 290
220 57
445 437
756 315
30 4
690 160
609 85
441 60
136 13
100 159
459 63
756 106
534 217
237 28
138 80
222 58
222 387
441 178
1361 263
1545 387
730 397
441 57
222 26
419 64
152 15
155 15
156 397
534 212
549 329
1250 218
222 60
222 388
616 253
222 390
804 125
260 82
534 99
15 15
1037 394
53 371
418 383
501 442
449 61
411 111
99 10
99 31
824 186
99 387
825 128
1127 370
441 74
102 56
422 402
188 103
194 23
119 10
465 64
53 373
358 173
358 232
358 233
358 235
99 270
358 301
53 385
358 45
358 57
358 85
156 394
156 405
156 428
410 371
306 218
439 331
99 378
99 381
99 389
826 128
526 73
708 331
121 10
336 198
336 235
938 160
119 193
408 50
1547 387
284 213
526 308
722 101
722 147
351 231
212 176
492 427
600 387
714 100
492 241
745 178
189 368
189 370
189 398
791 121
102 10
1240 213
879 387
222 308
534 460
753 165
527 101
714 218
852 263
222 59
467 123
804 263
698 287
467 291
1133 380
14 231
465 418
865 422
698 95
716 100
187 298
597 258
499 138
188 22
309 145
309 271
597 82
734 241
309 217
133 310
170 368
170 398
704 413
1339 302
1127 169
426 190
704 97
150 214
1108 504
1431 289
1247 290
1352 460
704 138
1155 308
149 15
826 240
730 457
769 271
410 428
442 149
903 148
804 160
239 241
681 289
734 103
784 367
256 387
90 602
245 281
505 192
730 102
194 365
245 380
534 506
194 506
442 57
64 506
1558 507
142 507
489 507
245 29
212 506
1339 506
212 507
1072 506
293 172
1133 507
212 314
265 31
129 416
824 507
212 25
442 458
148 15
454 61
454 71
454 106
687 176
1408 365
1408 506
626 506
469 365
309 152
102 283
1524 369
1524 390
410 51
309 328
309 151
121 289
525 72
174 275
174 473
1429 287
1364 264
295 36
234 32
232 28
265 380
488 508
265 281
265 378
813 265
1128 246
1072 507
30 101
212 160
193 635
1327 287
194 128
257 30
763 464
30 9
953 166
184 184
139 188
608 101
626 365
297 530
306 427
976 182
265 393
534 76
224 375
723 101
98 10
1524 371
1516 496
1516 530
1135 443
677 116
199 142
526 271
526 341
879 253
879 482
215 371
351 437
222 198
309 142
593 218
534 259
593 427
1015 365
825 464
813 410
141 14
251 380
702 96
1349 253
30 377
702 413
545 141
332 43
252 378
234 387
291 437
466 164
224 373
252 30
198 251
440 426
719 101
349 387
448 397
448 429
165 323
245 374
139 193
171 188
224 492
224 499
719 303
1331 281
267 31
267 101
267 387
103 397
1515 455
734 431
472 379
472 400
328 41
461 168
461 323
309 39
123 10
222 431
63 101
95 10
265 62
306 38
64 283
993 315
670 342
351 218
978 466
531 74
1123 480
209 24
602 137
722 505
1127 204
1589 533
534 125
200 186
400 193
187 368
1193 342
554 78
206 220
1103 220
1193 296
288 205
585 225
783 118
1255 253
763 428
128 53
349 45
349 235
525 101
450 61
450 156
450 62
525 88
15 402
450 370
450 377
450 378
417 303
711 100
993 505
21 3
1149 383
129 100
112 10
465 497
465 387
250 30
1128 213
325 41
325 45
325 57
783 210
461 446
245 392
187 22
686 365
299 37
1280 240
1028 359
171 18
384 47
1205 270
458 290
458 203
1099 382
458 407
1155 211
173 104
945 349
886 145
757 149
685 93
722 149
562 440
1155 233
787 370
787 387
787 393
15 109
458 63
576 290
458 104
458 102
489 531
1240 533
734 213
1476 531
212 531
295 532
1049 582
730 532
246 29
1428 308
246 388
142 533
297 531
265 532
178 19
534 301
577 700
549 222
232 392
1133 533
108 528
1142 323
1558 531
684 615
1028 178
222 204
1587 531
1587 533
190 145
190 309
462 532
877 615
249 102
1489 533
694 581
1300 532
1155 601
1516 360
168 579
829 601
1251 218
361 580
121 580
994 582
1568 531
1197 615
133 12
123 197
716 123
1251 402
1155 186
251 62
650 580
757 579
768 180
751 579
691 95
34 579
604 84
224 437
714 532
1600 580
457 580
1035 583
1091 583
1633 615
1456 377
129 190
660 566
1609 566
131 12
635 90
167 226
1440 468
417 567
1123 591
1352 258
1371 531
1371 532
771 566
1073 566
1344 566
1408 279
1004 567
109 567
841 567
1123 581
604 601
1123 315
82 364
792 489
1619 567
955 386
658 567
490 566
1589 566
1376 291
458 222
599 591
6 458
787 381
574 615
593 214
876 263
232 393
410 591
1300 232
1593 509
310 567
976 377
1240 304
762 580
198 22
1564 431
377 582
1604 591
1001 567
601 192
1155 397
971 567
1184 382
957 580
138 13
934 580
413 532
209 533
1442 567
1406 579
234 28
89 101
626 579
768 110
91 149
576 225
768 268
1217 581
989 567
129 101
140 126
6 257
1352 301
140 318
140 13
242 29
542 482
302 265
8 500
34 29
566 80
243 29
243 387
243 388
243 395
243 492
1282 530
753 364
1485 427
71 9
71 264
1382 271
1079 369
439 56
983 567
154 15
75 149
184 244
545 252
721 118
923 156
923 492
1075 580
1423 566
89 147
534 116
195 22
1030 241
1263 226
769 110
768 381
768 387
878 524
792 121
309 141
194 101
15 226
247 369
422 615
1188 194
384 105
961 376
961 397
961 422
1139 468
835 153
1611 533
575 602
681 566
1446 390
1446 391
723 387
710 152
720 147
171 473
451 61
451 380
451 395
241 524
1432 602
126 10
762 524
989 626
1054 202
550 269
763 397
129 240
957 524
734 524
333 444
286 289
163 79
879 211
721 505
980 626
129 503
1035 524
1587 478
1142 524
1610 530
795 685
876 141
1273 524
291 35
1349 283
129 266
354 624
819 126
103 207
103 446
604 471
903 524
1214 524
1464 626
288 35
472 524
723 155
136 512
288 457
1600 524
1406 626
98 524
1364 524
1517 530
1476 524
879 143
349 402
349 452
879 465
642 524
1598 524
554 463
189 22
103 79
103 226
103 478
200 426
1360 489
1133 524
691 387
650 524
1492 387
1492 393
103 407
525 310
525 440
103 602
953 626
244 29
576 126
231 82
421 53
291 141
792 490
1520 366
1293 581
723 380
562 80
364 132
364 133
167 259
805 478
364 571
368 901
368 46
384 154
1517 416
325 467
1405 524
818 213
1293 268
465 398
1232 390
1291 615
58 398
225 449
225 26
225 373
123 480
385 268
121 577
391 577
299 577
1438 577
1008 577
799 123
975 577
297 577
745 577
959 577
994 577
1093 577
6 246
576 577
855 193
1213 206
1629 577
1599 524
1070 577
1524 577
290 577
589 577
534 658
1028 658
1477 331
1356 577
693 577
1477 577
1254 279
1254 479
490 577
1584 577
585 577
1440 577
766 642
766 643
105 505
105 301
730 577
1337 577
1544 621
1091 658
967 577
1066 577
1603 577
1305 658
1306 577
232 577
755 577
457 577
851 577
1082 290
178 297
1307 577
723 281
1297 577
531 577
323 577
283 34
670 190
1433 577
108 626
1628 577
1100 577
1341 658
710 309
71 366
150 658
425 577
592 81
291 546
592 620
798 268
962 577
972 577
1423 577
699 628
875 141
1204 197
799 145
288 187
241 233
1194 577
724 577
403 608
17 217
71 427
1545 658
783 115
1550 658
576 331
1006 577
1142 178
161 542
1120 658
908 149
1624 577
1626 577
658 658
1549 400
1549 494
1473 577
623 88
623 102
29 577
1292 577
1369 577
383 97
609 121
32 302
32 303
1104 263
1506 577
1517 360
184 658
1282 556
1363 263
1140 493
34 388
955 577
377 597
1049 577
489 577
616 577
65 577
1055 577
1554 577
1218 524
1114 577
1542 498
1226 577
878 173
129 175
1199 577
251 89
1092 524
672 577
260 416
1442 658
734 577
129 430
768 205
6 501
1083 211
1269 658
495 577
1265 359
224 577
447 658
804 193
439 577
154 359
400 524
297 360
1535 395
464 362
1140 577
70 359
1477 490
1164 577
1142 406
1533 425
109 577
156 577
1478 577
1442 577
152 577
745 104
464 222
167 103
733 668
824 577
525 235
1166 577
1251 482
298 577
1627 577
368 231
368 560
298 144
6 279
1588 577
733 102
295 577
802 124
368 194
368 254
368 259
802 274
169 274
628 451
649 577
586 577
169 69
169 124
333 51
831 575
169 18
1012 577
567 550
1639 655
169 309
1354 451
129 301
517 448
169 651
357 211
357 230
350 488
1566 488
156 556
1154 656
1154 185
351 45
586 193
525 264
193 520
1073 577
745 650
36 198
330 655
1440 656
670 330
1460 488
1051 488
1576 490
1370 490
1335 655
1014 577
1031 577
1268 488
259 497
1268 656
259 684
542 78
1099 689
637 512
637 641
534 696
167 354
1265 416
843 491
1265 685
662 696
1200 464
799 344
799 387
107 672
529 688
567 80
174 193
306 478
302 588
114 106
1230 298
653 577
1284 298
568 491
855 578
525 673
1100 298
999 689
1167 689
142 298
1445 298
908 298
1440 298
1013 688
1564 438
805 125
382 408
908 491
1155 610
142 689
762 491
604 518
80 101
80 149
98 577
465 530
855 174
501 233
827 485
710 581
707 132
957 488
444 667
467 64
1044 298
1083 298
286 518
161 590
402 137
1344 518
686 577
1647 672
768 181
1329 298
1442 298
768 421
1596 518
1609 672
1108 688
1200 231
670 298
1239 417
1185 656
457 656
309 80
814 126
428 389
1239 420
803 444
529 73
950 265
525 471
184 21
534 360
129 421
1597 518
1019 553
1185 298
334 514
1390 553
1433 658
65 692
70 443
297 553
690 668
70 441
1251 443
995 553
1533 494
769 534
1625 692
1030 692
837 696
70 103
1160 189
1098 189
498 486
1100 514
492 553
217 25
461 63
87 264
327 610
70 616
33 43
1155 581
298 652
1007 553
54 553
546 240
102 208
255 343
1051 189
1132 499
142 514
1032 553
293 553
547 668
99 685
1566 692
627 331
15 271
260 503
546 553
30 553
865 652
405 548
894 588
811 485
1282 553
405 650
1068 189
490 189
438 189
339 669
129 142
601 203
70 246
1266 553
1335 656
811 145
1616 553
1595 553
1048 189
1167 189
1168 189
1329 553
752 553
990 553
1247 553
1585 626
1052 666
262 672
1471 673
905 189
1213 263
1434 553
15 619
702 633
1161 189
489 189
70 211
1574 443
1333 553
1615 553
589 553
457 553
1345 553
1073 656
491 672
148 673
833 688
70 107
1134 581
377 672
596 82
489 153
1153 188
142 189
140 254
1365 294
1296 441
601 519
140 553
1390 672
169 45
150 553
171 267
1380 354
542 433
1002 580
85 618
1470 669
894 669
1646 669
405 49
456 62
1036 189
999 267
1374 267
711 433
1142 433
1200 433
1036 553
745 568
691 669
978 669
1139 669
1649 692
751 106
212 189
529 189
1170 189
261 267
1263 267
834 267
215 267
154 267
1370 267
1371 267
1443 298
616 433
410 433
297 433
212 433
1569 433
1118 433
179 434
1569 434
154 553
1509 553
935 656
298 669
1492 669
786 669
1614 669
640 189
410 267
534 267
1205 267
589 267
1230 267
443 433
534 433
576 433
834 433
15 433
1227 434
1235 434
1142 477
1289 553
1566 553
966 622
1388 669
1011 669
414 669
309 189
1116 189
1188 402
142 433
1493 434
1570 434
1440 622
1232 652
835 669
422 53
422 55
1368 267
102 304
30 433
415 553
901 267
890 669
34 100
753 106
1009 189
129 354
316 39
340 186
316 192
799 267
139 298
892 544
367 553
892 588
1286 622
852 622
1639 656
188 433
34 433
1568 433
142 553
422 54
630 89
630 157
630 291
985 411
472 433
630 497
630 602
198 622
472 669
1056 669
1599 669
897 267
1345 669
1373 267
840 396
1155 433
334 622
1564 632
1645 669
1247 685
129 189
623 502
6 622
293 333
604 433
1496 434
1275 513
1298 669
678 669
908 267
115 302
908 553
1031 622
908 622
490 622
657 92
1306 267
70 312
1508 434
59 580
1446 622
1043 669
887 145
32 246
1372 267
129 505
1160 622
1644 669
613 669
80 9
80 100
432 166
129 501
436 648
1118 669
653 568
980 189
763 216
1355 267
129 433
992 434
986 189
1043 189
912 339
1387 433
626 433
551 192
1567 433
212 434
1559 434
457 434
1571 434
1595 513
293 622
1473 669
1214 669
1076 669
455 155
171 193
489 433
1271 434
659 553
1492 568
1329 622
1574 622
368 622
494 669
190 68
1162 189
831 189
1162 267
831 267
1369 267
394 267
266 267
207 280
419 298
1533 377
232 433
1476 434
1496 553
587 568
1119 577
1016 583
232 622
279 622
823 622
394 622
1599 622
496 622
361 622
1361 669
562 99
562 100
562 101
562 315
21 330
953 433
7 495
214 620
206 685
75 9
143 14
75 20
1103 267
1635 622
393 161
1525 370
1525 377
1525 387
1525 395
1525 423
29 513
393 642
1305 669
1634 694
1630 703
1276 703
496 722
0 0
107 433
1067 433
569 504
1433 553
987 622
1569 622
580 722
1365 722
611 722
525 198
214 257
562 258
1072 433
1487 504
1100 504
1251 616
297 619
1615 622
1648 688
753 722
1132 171
972 267
549 267
724 267
711 298
1132 373
900 504
599 513
1037 622
489 622
1016 669
489 694
991 703
824 722
212 722
1650 722
59 7
263 31
263 299
263 380
263 388
946 433
946 622
1205 694
1391 722
286 34
15 504
1297 504
1234 515
1414 622
27 694
1431 394
1469 622
1003 694
816 189
799 572
14 616
1342 708
1342 722
593 176
129 181
1528 370
1653 703
1474 703
241 708
1327 444
1404 504
171 622
572 669
837 673
1300 694
835 703
1052 703
1327 707
559 722
577 179
1037 504
1105 622
296 694
1487 694
1380 694
490 703
1487 722
1380 722
139 722
220 48
1287 504
440 694
439 708
440 722
439 722
607 463
142 622
655 622
1634 622
1498 622
655 722
685 722
355 211
184 553
980 708
65 722
1393 722
446 62
505 107
774 112
858 352
317 523
1586 694
271 189
1164 189
1471 504
1569 504
1089 568
1431 622
1070 622
1142 204
362 694
1313 722
406 502
1099 504
1112 622
1638 648
646 722
377 46
27 211
774 572
855 135
414 504
70 657
644 694
1652 703
342 45
129 504
1380 553
1097 553
1153 185
987 189
1232 494
1343 504
939 622
987 694
1051 710
1567 722
588 722
892 145
292 177
936 466
892 618
70 685
1058 694
679 703
1058 722
278 267
923 268
762 616
657 622
478 622
1293 622
1296 622
968 694
546 703
64 722
546 722
661 722
937 204
1133 433
1306 504
476 617
1601 622
457 622
473 722
1043 504
892 616
244 498
642 414
1305 504
39 553
1480 568
1263 694
483 708
589 722
342 173
613 504
702 545
489 708
214 25
214 176
1293 290
214 366
1565 431
194 504
670 513
214 544
1116 553
990 622
994 622
979 673
1329 703
961 708
350 722
525 119
525 120
1015 622
1278 672
304 73
551 78
304 211
1236 267
283 267
1367 267
1028 267
1309 267
283 504
745 504
209 514
472 622
126 622
1510 622
1499 694
1298 703
1265 710
1655 722
1362 722
1272 722
1206 722
493 722
126 722
328 56
355 80
604 87
311 156
1538 497
1162 666
1538 684
1483 622
194 22
1139 177
1594 513
1068 622
1470 316
1086 504
1609 622
801 650
1609 708
1624 722
550 92
310 189
1591 504
207 622
243 684
47 6
47 40
146 79
439 91
686 213
1279 267
549 504
1285 703
1341 722
623 246
852 625
660 722
535 76
535 120
535 407
162 16
331 193
331 213
380 263
238 312
331 504
1058 622
1215 206
403 78
868 161
868 187
868 312
604 622
137 313
489 372
1079 400
1566 622
1571 625
639 722
482 504
937 421
1134 610
16 694
686 367
599 622
279 694
871 258
1188 442
443 722
954 177
232 267
1374 622
1188 624
280 33
683 93
1214 694
207 722
345 512
255 30
297 271
255 380
255 388
255 395
255 492
432 618
883 144
883 397
1188 407
883 422
883 428
670 622
640 625
1344 625
883 661
556 691
717 147
1023 177
297 476
811 534
717 579
963 673
1617 694
868 139
1589 504
1217 549
1009 708
98 710
309 407
935 504
751 553
1045 622
416 656
111 31
1352 267
1339 267
243 497
453 553
716 601
1289 622
1387 669
176 694
355 103
454 145
1428 287
307 441
660 504
352 78
570 722
1538 380
1092 504
190 22
762 246
571 622
1190 642
6 1
212 504
1360 589
559 79
171 189
659 504
457 504
1101 553
1464 622
489 383
892 458
356 622
878 166
644 189
1337 646
1214 206
677 397
499 504
802 353
1517 548
687 182
687 188
551 272
761 465
271 513
1164 710
1653 722
745 722
105 354
149 396
1008 694
1008 722
1052 722
801 124
801 324
801 353
801 651
1460 696
1597 553
239 28
47 444
628 540
458 614
47 631
668 703
649 553
150 722
448 576
1640 668
811 126
1349 722
297 48
149 185
870 246
702 407
870 444
1520 504
1292 669
33 263
1230 504
368 625
628 89
1174 206
628 670
649 694
291 135
291 136
1128 433
1310 504
1577 622
1577 722
1174 268
662 722
544 78
15 121
1362 614
576 553
619 722
567 136
870 139
870 502
1443 722
1190 201
1507 658
711 694
232 722
950 364
950 542
206 502
393 590
939 703
1292 504
377 529
595 578
543 336
858 451
1550 513
242 94
1050 189
1362 263
304 38
870 161
1509 703
1509 722
384 652
834 269
623 371
527 460
1527 370
1527 382
1527 385
601 211
128 11
1446 298
988 189
1522 368
1522 370
1522 371
1522 398
1522 492
1636 622
1082 502
713 648
162 328
629 370
629 373
629 377
285 34
1593 622
545 78
939 160
263 685
1611 689
556 689
170 18
653 553
1476 553
1630 677
1574 731
799 731
531 622
425 622
1005 658
1127 677
937 159
849 516
849 526
283 677
298 706
1471 731
1331 731
466 721
382 330
1620 569
854 617
1172 668
1172 688
227 380
21 11
75 163
149 668
423 432
687 504
387 47
387 117
387 331
1235 556
387 577
387 655
1518 677
1476 330
662 398
870 509
246 731
239 677
1075 722
414 731
912 169
119 504
21 45
123 225
1389 272
1389 417
1389 486
1605 731
478 513
966 677
304 76
1579 455
266 731
244 684
1453 376
1453 422
1547 731
713 100
748 104
748 140
748 319
227 27
1261 349
2 580
699 96
1375 267
936 691
607 131
309 448
1107 722
70 121
345 312
238 430
713 672
2 45
543 298
95 349
263 406
1261 660
440 433
36 289
1443 625
275 678
1533 375
146 387
334 43
334 45
334 235
936 301
334 406
761 622
1151 901
352 94
352 188
467 664
592 344
386 47
361 553
7 90
75 268
7 301
446 684
385 169
568 556
371 367
129 210
551 504
824 267
305 511
952 619
1610 589
464 63
24 3
24 323
1590 504
7 20
1092 731
165 112
1467 551
423 721
1545 731
1433 289
864 563
634 453
1337 517
1038 560
865 659
126 211
126 614
805 653
957 708
874 140
156 678
156 744
195 145
761 108
23 358
224 490
761 570
557 79
557 88
1128 504
656 504
952 166
224 504
952 175
722 460
952 527
163 16
553 102
168 30
167 601
704 192
1533 467
129 11
66 127
952 292
1016 694
123 216
128 47
1586 574
350 45
361 133
300 668
156 15
341 195
66 420
168 230
195 752
1075 189
926 166
926 417
343 163
66 101
822 263
1562 424
505 235
917 213
860 272
917 331
98 694
146 418
231 596
250 666
1151 184
1174 584
1444 490
228 707
168 18
168 469
684 93
1411 282
535 176
535 217
748 309
1261 225
551 331
379 140
379 557
880 655
950 176
59 411
505 211
1244 598
66 8
350 74
682 601
1219 731
912 294
446 233
475 669
56 7
173 33
1417 581
912 740
912 742
950 164
604 740
1070 779
936 159
505 209
1411 477
118 733
879 779
1018 251
496 251
162 601
442 690
386 719
1423 779
328 43
355 140
828 251
837 251
1618 722
1640 740
571 779
1567 779
1043 779
217 779
1647 779
168 74
334 653
912 741
15 251
1107 622
1364 741
720 460
626 668
328 63
70 74
865 139
999 251
1342 251
1327 300
865 312
1032 406
865 408
967 779
1402 779
212 779
415 779
517 779
575 98
758 107
758 176
616 251
1338 251
58 251
825 554
458 251
165 251
1340 251
65 601
903 674
7 187
1043 251
7 1
386 447
907 242
199 523
1074 251
1222 263
124 688
356 45
200 75
173 201
561 214
1118 251
561 371
275 202
275 601
18 3
945 175
960 251
292 251
20 302
553 528
18 685
1487 779
300 38
35 668
355 45
947 183
339 44
339 173
1222 593
1568 779
165 17
35 41
35 45
596 117
614 131
614 166
596 199
35 304
35 429
614 486
596 668
339 718
593 82
873 140
1305 251
873 274
1234 520
826 694
492 706
803 125
944 163
1537 688
1276 779
561 265
947 280
561 428
561 479
1150 669
947 163
1337 251
908 251
414 251
1121 629
1329 251
109 251
194 328
1004 596
70 79
990 251
835 251
229 268
1083 653
1542 676
1336 251
1345 251
470 779
366 98
1128 251
417 251
735 276
814 741
297 68
394 504
297 572
440 622
1039 712
970 741
1063 655
496 296
1151 542
176 140
1222 208
615 224
356 251
903 622
978 789
27 7
771 251
873 471
873 544
529 641
488 672
655 755
58 755
1640 756
1459 756
1604 779
1011 789
340 44
735 103
873 195
873 211
168 457
339 511
873 648
339 686
1574 755
140 755
1442 779
340 45
302 100
38 101
1009 251
1164 251
1166 755
1645 756
171 779
656 779
1390 787
958 789
1133 251
1017 251
87 688
648 742
297 755
1390 786
762 786
1566 787
615 86
1331 251
75 452
1549 538
1112 739
1362 755
421 106
421 411
1271 451
15 755
1373 756
1081 553
1647 755
1663 786
1663 787
1084 739
1130 171
1130 370
1130 396
1130 429
428 613
1130 661
1080 756
473 787
1009 187
1232 383
70 134
36 203
1217 478
56 512
2 0
335 43
720 100
943 181
302 460
720 505
720 692
60 251
909 309
1133 789
561 80
1344 251
745 341
1028 393
386 537
455 573
534 584
306 599
386 782
321 41
455 252
946 787
24 479
421 601
1436 621
553 711
1128 755
176 19
66 90
419 251
749 444
534 617
362 674
1281 740
993 786
344 789
27 148
167 210
614 272
36 323
199 627
18 679
1420 739
1333 752
1350 789
323 251
1284 251
66 188
735 265
647 722
1444 722
212 755
646 789
553 78
1066 251
1061 593
1166 671
1083 742
1194 789
24 163
1149 182
1346 251
1222 268
1126 377
496 606
248 623
1436 733
1401 789
491 251
34 338
1444 577
1354 682
1048 739
1594 740
829 755
1226 756
1413 787
491 787
236 28
1127 251
669 251
584 298
455 418
1626 739
493 741
1256 582
27 46
241 265
27 340
769 580
1004 755
249 98
138 634
64 72
252 426
1222 575
1004 749
155 755
284 34
284 93
284 331
1390 527
992 251
761 251
1272 251
342 415
188 526
1563 526
165 526
15 526
995 527
168 685
1022 698
162 698
1139 742
1648 772
1591 787
765 109
886 229
1606 527
190 527
1404 527
1609 527
1237 595
1237 685
129 711
368 755
1013 765
1625 772
402 56
1135 526
819 526
1135 527
991 527
140 527
1098 698
698 698
41 123
58 153
741 167
309 229
505 527
1375 722
1271 765
527 765
1663 765
240 28
769 152
285 167
466 167
913 278
769 349
770 497
411 527
983 251
1339 251
34 750
650 786
967 167
52 279
128 443
30 522
213 581
30 621
213 688
30 749
866 146
1032 167
721 181
866 338
1539 386
643 526
188 698
854 134
980 167
309 185
1369 527
1030 766
1076 789
129 84
652 167
483 167
1111 167
1124 167
1194 229
874 461
447 527
499 527
1118 527
27 717
35 4
35 76
644 167
1232 211
1456 303
1232 379
1456 450
505 479
543 772
170 217
505 233
170 452
1477 687
964 698
999 698
529 755
999 765
1043 167
340 198
30 229
480 229
1057 229
827 229
268 387
570 526
1592 659
1592 666
1592 668
1650 698
65 749
90 9
90 101
1052 167
894 167
1049 229
44 291
1376 526
1049 698
129 121
1011 526
1053 527
864 640
529 766
27 15
960 167
309 167
1074 167
544 184
960 229
37 374
37 386
2 672
527 750
1345 772
34 800
1008 167
748 167
1008 229
194 526
392 605
1121 733
142 766
1104 167
111 544
605 633
15 645
605 687
217 698
1057 167
1468 314
824 526
1583 526
1286 526
529 749
655 766
619 766
310 39
262 167
1282 229
137 406
440 526
1398 526
980 527
1039 583
591 698
381 47
402 49
269 116
654 229
1038 229
1288 229
1282 504
1165 526
711 583
1071 698
589 229
1100 229
1320 244
1523 398
1235 527
397 425
1056 167
1162 229
871 229
70 256
334 167
167 312
1294 527
1491 527
534 681
753 698
356 167
82 251
769 279
1479 455
1479 588
33 627
626 756
1368 772
269 105
325 108
576 167
571 229
72 258
156 371
1401 526
1308 527
899 692
473 750
1633 750
1591 750
1648 786
27 4
1034 167
551 167
6 229
1296 229
1598 526
890 526
990 527
1052 720
1283 737
298 82
987 167
900 167
293 167
1069 167
745 167
756 167
745 229
719 229
1170 229
711 251
769 296
1541 387
1541 467
995 526
286 526
829 527
1541 676
1065 765
339 46
1085 167
766 258
437 387
437 388
558 586
766 672
373 46
945 163
541 206
580 229
1390 564
1428 688
1013 167
129 167
505 312
1483 527
985 688
1048 167
1071 167
897 167
1071 229
1334 251
15 476
1607 527
1305 564
437 609
109 622
127 787
990 167
1047 167
328 279
1592 509
1003 525
599 525
1479 564
14 564
1483 564
1592 691
944 736
107 750
905 167
639 229
976 229
1092 229
20 236
275 318
666 527
1161 564
403 564
340 633
340 687
1247 698
1108 750
1108 766
207 24
1001 167
1025 167
1158 229
367 229
340 234
1035 251
964 564
803 564
1276 685
1269 698
361 78
27 236
108 334
281 525
2 800
602 96
613 167
59 316
602 474
1213 564
1167 749
1596 526
914 268
1320 445
914 455
415 526
840 627
906 148
996 167
1335 251
58 334
1121 334
340 545
922 156
1121 167
1052 275
863 327
863 474
644 678
429 213
238 358
334 525
20 588
1116 167
1380 268
855 457
64 525
293 525
15 68
621 323
621 543
1617 564
456 680
913 150
1175 191
1523 371
30 167
1037 167
1032 229
690 398
788 522
1025 653
1058 167
1025 229
576 564
1020 167
1093 167
455 291
371 387
371 392
690 424
1320 425
332 525
1090 525
390 47
66 184
1378 268
1378 369
1378 379
1378 383
1378 390
919 437
321 466
1555 523
842 526
98 527
976 540
986 564
390 601
390 668
90 264
1479 334
612 370
1021 564
90 670
1021 698
440 167
456 294
1060 564
1581 573
1649 698
471 698
461 704
682 755
1298 229
77 312
908 334
1605 525
438 167
676 564
655 709
902 717
749 159
640 167
1174 190
527 266
132 334
812 340
812 353
1608 527
1075 564
1275 564
1252 640
390 646
242 696
1024 755
1387 789
1289 229
637 401
1284 525
1393 525
361 537
826 553
15 627
571 167
1014 167
814 167
1026 167
266 167
1163 189
283 229
1064 229
453 229
66 310
1009 525
1471 525
453 525
475 526
1311 564
1528 584
465 709
994 786
357 45
357 136
7 212
1418 334
357 366
859 476
357 643
859 645
647 694
939 698
968 167
936 503
1175 190
1175 198
1175 291
1175 617
1175 631
1614 756
437 56
585 167
1118 167
682 215
1108 229
335 312
1208 333
447 504
1110 525
678 526
339 633
339 687
437 717
465 775
511 135
919 154
734 167
1022 167
465 167
852 167
1108 167
169 229
1164 229
465 229
1076 229
1295 229
1124 229
1434 290
1175 326
919 387
919 676
1308 709
152 755
70 25
979 167
654 167
1082 167
1001 229
1089 229
741 229
1480 334
597 399
1093 525
1175 573
919 632
1507 745
453 755
605 802
534 167
1030 167
1142 709
975 167
1280 229
1287 229
156 229
238 399
335 456
1429 745
1068 167
439 167
980 334
636 430
605 511
605 686
605 718
900 787
297 167
582 229
558 723
655 745
551 787
655 167
1029 167
975 229
190 229
660 775
890 145
294 167
294 229
373 511
373 686
373 718
169 745
1079 775
373 802
1021 167
156 167
1618 564
346 45
849 131
64 167
575 167
499 167
423 704
582 167
330 229
146 626
340 686
1308 745
334 229
919 380
919 499
78 559
1106 167
64 229
582 457
499 745
411 51
495 167
1120 167
568 229
487 229
407 425
1168 452
91 608
91 642
933 666
770 775
977 167
747 201
271 229
1265 588
302 106
573 167
735 139
955 167
978 167
955 229
1056 229
676 229
603 511
1604 525
692 641
603 686
603 718
828 167
1114 167
238 462
1551 525
374 724
373 728
998 167
1053 167
1072 167
1079 167
998 229
1297 229
1349 694
541 113
1016 167
907 167
1038 167
920 167
1090 167
676 167
1043 229
541 519
1139 525
1603 525
1027 167
1028 167
489 167
1063 229
1333 251
361 709
30 741
534 397
293 745
980 229
1341 251
1651 698
963 167
190 167
238 233
995 688
1046 167
671 167
1083 167
1099 167
678 167
1046 229
1292 229
1083 229
1410 281
1516 416
1410 467
1245 496
691 502
623 585
1410 684
1038 785
966 167
834 167
1481 334
897 698
1422 788
161 153
283 167
1049 167
197 212
902 236
250 423
988 450
1601 525
126 564
902 685
1635 788
588 788
339 802
54 117
20 601
1639 788
506 100
650 167
1064 167
988 501
198 785
70 9
961 167
1293 229
36 479
1354 634
36 649
156 672
1464 788
1647 788
679 167
1122 167
1003 361
1539 393
1167 776
946 785
679 788
1579 550
1463 788
395 47
395 64
395 117
395 199
395 234
1444 298
395 338
1515 748
1246 763
1098 776
663 788
360 45
616 167
362 167
486 167
360 233
1103 550
171 788
1608 788
431 55
194 161
194 167
1124 361
1645 788
1281 229
1354 290
1612 550
591 550
438 776
1518 361
1053 550
371 46
973 167
332 167
1078 167
365 179
1235 211
1411 288
1094 361
365 528
1022 550
49 596
907 724
1161 776
1105 788
380 47
447 167
276 211
1252 219
380 234
21 362
558 596
437 632
1388 788
1110 167
956 229
192 288
818 327
155 334
1222 354
862 641
1547 709
1610 787
672 788
591 167
774 427
1300 550
95 787
468 64
753 167
1054 167
1167 445
1102 167
44 685
64 745
1571 788
1098 167
1038 788
52 6
112 167
1096 167
50 330
52 443
168 451
1149 525
471 756
218 25
238 46
1112 167
218 279
1351 284
114 366
218 408
1337 550
495 550
1097 167
655 253
836 361
655 519
292 550
693 550
1296 550
394 550
479 788
527 73
1018 167
740 193
1329 550
1049 550
1052 550
740 685
361 745
740 901
1010 167
589 192
1235 294
1334 550
1441 550
1511 550
14 630
335 763
1626 788
1632 788
841 167
740 246
740 388
570 550
1600 709
471 788
619 167
409 178
995 229
428 233
129 427
1442 525
619 550
148 564
34 785
265 788
933 158
991 167
1062 167
933 575
1541 672
1637 788
904 167
1121 525
280 550
1268 550
1508 550
719 550
979 788
890 788
44 78
44 246
257 387
318 787
91 303
59 748
905 776
603 84
603 143
1540 394
964 167
27 167
1039 167
987 229
209 457
373 143
58 167
982 251
576 309
917 437
917 593
1320 607
917 702
917 154
986 167
1109 167
1540 405
1540 428
1413 550
1359 262
1119 550
1052 754
708 754
1076 167
380 338
1149 494
15 754
391 754
373 84
168 295
439 754
155 766
1123 167
1020 229
505 748
1051 776
1490 788
827 128
64 135
1283 229
58 387
64 550
802 594
64 136
1011 167
1123 229
1540 384
26 631
1253 640
489 754
1094 167
192 420
363 627
472 167
649 167
1172 190
1172 233
293 463
1172 692
1488 754
1080 167
995 776
345 210
1286 229
567 289
92 364
1294 229
1168 339
167 672
619 745
1048 776
298 37
1070 724
1182 456
557 167
908 229
1306 754
1289 754
1140 754
1066 167
727 528
240 550
297 139
1330 550
1282 776
1003 167
1103 167
1103 229
1158 262
1360 262
318 478
792 754
681 788
5 0
433 56
429 69
607 145
1089 167
1549 551
547 561
1549 569
365 727
1333 754
403 776
551 776
42 11
708 167
538 334
1059 167
653 229
1620 588
1239 603
1173 642
1173 782
371 97
714 750
297 161
981 167
994 167
1210 203
981 229
297 246
176 262
297 312
1053 776
958 167
1004 167
1075 167
1100 167
649 334
1613 550
1579 752
1016 776
1216 788
169 167
595 543
363 283
1609 550
78 9
78 288
78 521
1165 776
173 19
76 700
1620 791
553 203
390 280
1174 316
1495 754
433 104
829 361
287 635
542 141
1482 334
713 569
108 418
1088 754
1363 804
882 145
42 190
276 33
27 635
1163 804
1041 167
636 464
1084 167
650 804
146 45
163 88
1216 206
64 366
529 783
791 788
146 31
268 32
42 45
340 143
88 169
592 562
1160 776
970 167
685 167
1139 229
194 524
275 616
956 167
831 251
282 251
833 334
649 754
1073 754
291 754
340 47
412 51
340 84
382 90
1092 167
492 173
104 407
64 728
1511 754
942 162
662 167
7 364
1103 754
475 167
235 223
235 274
1081 361
944 448
1081 525
511 551
1252 561
1561 687
1371 775
464 96
328 159
1134 235
7 515
682 167
142 754
297 754
758 232
758 441
1274 754
2 2
758 668
1357 754
258 30
258 291
258 387
258 388
258 498
447 754
299 754
862 138
1103 387
992 525
95 529
90 597
95 638
168 754
30 804
741 826
76 46
969 167
654 361
385 387
385 450
800 557
76 646
64 754
582 754
294 754
217 754
1098 754
42 5
43 20
623 110
76 114
76 140
42 187
511 306
705 414
854 430
1428 706
1428 749
1030 754
42 782
753 826
228 58
228 94
385 371
253 380
385 386
1351 256
431 276
866 390
866 400
880 475
341 545
15 574
933 375
913 420
366 732
78 588
293 36
1002 167
1070 167
363 206
800 320
1221 754
1303 754
1006 167
1017 167
729 287
988 754
1195 548
1351 370
1351 387
800 683
183 94
591 312
302 350
183 448
302 581
178 725
334 754
1351 588
108 86
767 110
278 550
1651 788
345 571
71 39
70 209
80 301
76 194
30 366
238 366
1426 636
800 179
1182 192
1366 266
228 370
1182 409
434 426
228 575
511 619
854 537
945 653
858 685
208 704
676 754
1083 804
412 79
700 96
700 102
586 167
700 305
700 319
145 352
937 496
412 583
700 700
656 167
217 167
1143 178
579 183
579 251
1143 258
731 284
433 313
1531 371
1531 406
1143 453
182 510
1143 589
1531 661
439 675
1126 791
22 3
257 62
731 102
731 115
788 246
114 268
1356 490
731 557
1258 650
731 727
182 25
182 32
779 114
1287 265
1531 428
1531 443
1179 486
779 557
1179 618
477 664
616 87
461 223
1187 480
677 612
1468 704
779 727
30 204
47 420
1259 540
300 562
300 678
228 27
228 154
925 157
925 291
925 299
228 387
925 498
1125 529
1125 638
1537 675
925 684
1258 265
1086 167
30 211
432 318
172 343
571 754
998 754
1453 302
1246 548
1414 550
1266 612
1024 612
1368 612
1453 636
773 735
253 30
165 46
129 47
30 119
812 126
812 222
812 274
778 296
253 387
253 388
192 496
308 596
213 689
308 706
5 791
771 826
697 95
460 233
7 366
227 62
1265 612
288 37
308 38
697 154
308 165
125 184
125 305
308 377
1121 612
228 823
77 9
779 140
162 612
779 700
331 744
699 848
365 46
1379 268
1590 622
307 38
699 157
984 167
699 299
759 312
27 612
1123 612
1425 632
88 74
550 78
1148 180
860 463
1514 603
460 774
1244 214
129 338
1125 598
1608 612
1244 659
1125 705
927 848
307 117
307 199
256 371
256 667
668 612
1109 612
254 30
467 278
254 387
220 551
637 675
1264 754
259 388
933 499
1338 612
259 702
1294 754
339 230
600 382
579 401
579 471
129 612
1363 612
600 667
780 732
1063 754
1155 717
1241 213
770 556
1513 612
1241 675
183 36
926 157
926 158
926 291
605 84
605 143
300 336
1083 612
800 124
800 140
1012 167
1330 251
773 576
903 612
168 167
606 359
1388 612
1033 612
1086 612
163 774
27 102
574 167
595 201
574 229
196 486
196 318
1410 388
1631 612
783 678
257 691
783 724
884 145
572 167
884 377
884 499
884 635
257 45
726 102
511 136
38 207
726 295
589 334
726 435
1080 612
726 654
994 766
1036 828
1514 453
1514 503
910 604
618 700
275 33
805 137
840 138
339 198
1259 224
15 78
744 104
1208 201
1208 371
1208 476
625 205
1008 481
540 254
1535 380
1535 467
1318 243
1377 375
871 481
920 612
259 30
259 380
136 495
829 612
259 676
177 19
177 93
620 180
177 367
177 401
718 481
893 184
21 215
726 320
893 697
1154 821
1051 828
7 159
929 157
929 547
1346 612
929 635
929 667
929 684
77 688
1560 744
146 51
146 111
925 261
1200 821
376 174
433 274
433 319
1250 364
1250 421
638 222
917 587
1253 220
312 288
229 318
439 821
766 124
906 210
435 235
380 597
906 800
1566 821
16 167
178 364
1528 377
1528 585
339 211
339 235
749 306
1189 379
1419 481
565 821
959 481
985 167
249 78
512 124
249 162
346 212
433 223
17 288
512 353
244 377
244 380
244 385
512 650
512 651
244 824
1542 386
1141 408
370 46
376 46
376 76
1005 167
456 437
376 484
1426 530
334 46
1192 351
275 603
1171 190
1171 570
1063 612
1171 646
1601 826
962 167
418 400
1640 655
1100 754
307 783
1603 826
89 78
738 103
762 229
297 366
1074 481
1141 601
60 612
1141 616
350 669
864 138
695 822
908 167
876 319
1006 481
1411 510
1444 612
548 78
828 129
548 135
548 136
1158 188
433 203
548 246
1141 263
548 685
765 697
1620 786
988 811
181 20
1019 167
1452 302
1452 303
1452 450
1452 609
1452 659
542 688
644 697
991 697
447 745
1633 785
296 815
162 853
1121 853
430 121
190 129
838 129
1284 334
838 351
430 414
414 460
938 481
430 481
129 697
1611 749
334 817
54 839
664 852
678 852
1431 853
585 853
804 853
593 129
830 129
831 129
836 129
1015 167
1278 481
831 481
303 487
1243 538
614 605
1388 677
411 697
824 697
1620 787
416 816
588 816
604 817
1640 817
30 818
836 826
165 839
460 63
303 312
1101 612
2 623
303 623
684 633
648 813
604 814
680 853
660 167
1171 305
1365 432
1171 791
1281 816
460 129
840 129
373 235
259 392
803 523
783 560
529 811
814 813
1042 815
534 848
303 38
303 39
512 102
326 129
303 208
935 848
326 853
762 853
829 129
841 129
846 180
846 282
289 351
841 351
643 697
497 697
171 814
1201 816
643 853
907 853
839 129
973 351
1289 351
1566 432
249 479
831 697
1461 697
498 814
648 817
970 818
1386 853
477 853
1197 853
50 102
855 312
1011 351
1504 351
576 439
1019 697
249 787
657 821
816 821
129 129
804 167
1010 351
1425 371
1425 494
632 573
169 828
168 853
14 853
1117 853
1155 349
582 351
669 351
1561 485
1561 679
129 712
514 791
1281 817
1630 817
1391 821
694 129
169 351
890 351
1422 351
1340 597
575 677
1046 853
1057 853
673 853
87 9
446 299
780 538
776 663
1183 740
1183 817
1183 818
649 821
776 822
1631 839
1085 839
1372 839
1595 839
641 853
581 853
895 145
460 317
895 327
490 351
735 456
895 534
1250 543
895 752
460 778
656 840
1444 853
1421 853
1082 853
835 129
842 129
1487 351
835 351
1275 351
1470 697
466 351
293 351
1247 351
1664 814
1645 815
1088 839
1458 839
1093 839
1009 840
1615 840
789 119
789 120
832 129
1505 351
21 686
766 737
877 839
30 840
843 129
1432 289
705 528
331 641
1639 697
241 812
587 828
1571 853
620 131
477 167
172 223
940 726
1254 791
682 839
668 839
172 18
172 102
1606 697
1608 697
1644 814
1606 816
1644 839
1401 853
365 216
202 216
1264 351
1095 351
365 558
34 705
655 812
676 814
676 817
1291 839
990 840
1264 853
1387 853
1637 853
1084 853
672 853
749 105
645 129
293 129
645 351
150 351
1463 351
756 351
33 351
1507 351
1333 481
7 663
1501 697
1404 697
1350 813
757 813
806 821
806 839
997 839
150 839
1598 853
1218 853
1597 853
1161 432
1464 432
457 481
647 669
1027 677
110 744
1020 839
575 848
752 853
658 853
836 167
131 351
1213 382
922 460
1630 612
1618 839
908 853
1611 785
1000 853
680 167
886 351
1060 697
985 821
1160 828
264 258
744 268
816 704
795 718
1083 816
1594 817
1083 817
5 143
44 298
946 432
399 461
399 462
1043 644
1202 644
559 764
1364 764
1477 821
1465 853
1567 856
1364 862
577 81
246 263
1419 351
1111 351
836 644
82 764
246 764
171 853
1578 853
542 856
283 856
82 856
1033 167
888 268
848 292
1394 351
1510 351
185 653
1505 764
1155 811
1359 821
999 821
675 839
1501 853
752 856
1367 856
852 856
644 92
451 279
896 333
1508 351
1521 382
451 408
896 486
1155 522
1521 667
1287 821
1096 821
863 138
863 166
742 225
1384 271
652 351
863 420
1384 534
1554 612
1498 644
1384 662
975 821
1013 821
741 821
471 129
137 197
42 588
515 604
515 618
1098 644
527 815
142 821
946 862
294 81
275 140
995 167
834 286
435 309
1432 617
1648 764
945 764
734 821
1076 821
644 853
146 15
55 88
884 299
459 432
849 463
55 599
967 637
250 644
825 677
274 697
241 838
481 839
421 853
1669 853
546 78
293 92
1438 297
347 322
1196 637
653 764
1362 764
296 821
1078 821
1599 864
652 92
679 92
809 126
1270 228
327 264
682 351
1006 351
1036 432
433 585
1605 644
967 821
1390 821
58 821
455 824
166 17
569 81
232 81
591 81
439 81
645 92
131 92
447 129
983 167
1000 167
271 167
835 167
350 167
1063 167
750 167
946 167
140 167
569 228
1063 228
1276 228
1104 229
1240 297
693 297
669 297
166 304
569 351
1503 351
1259 351
286 351
908 351
455 380
455 387
996 432
1297 432
327 599
458 637
368 637
1297 637
611 637
831 644
1308 644
660 644
293 644
21 644
166 651
268 676
14 685
1610 697
1602 698
268 702
1644 764
990 764
804 764
655 821
660 821
1063 821
489 821
841 821
1114 821
1630 826
1104 828
1579 839
1109 839
824 853
1429 853
993 856
822 856
361 856
613 862
599 167
6 167
839 167
171 228
1506 351
1498 637
999 644
416 821
1011 821
1221 839
155 839
1013 856
1247 856
258 158
161 259
1100 283
495 283
1447 299
1509 351
1447 387
1509 432
1447 497
1461 550
995 637
496 644
687 644
114 782
1447 784
168 821
571 821
651 821
1312 821
456 847
1447 848
1509 853
527 856
279 33
388 47
746 104
1275 228
807 272
746 387
1283 481
494 481
1155 637
1389 640
1336 644
279 644
1016 821
1018 821
1552 821
570 839
1390 856
661 92
763 108
1247 216
5 226
1095 278
1158 283
505 351
1481 351
5 572
1595 637
5 705
498 856
72 9
585 81
641 92
782 115
280 167
72 263
1511 351
585 432
402 436
782 529
402 584
1017 637
661 637
1055 644
1511 644
1235 728
585 821
271 828
11 78
11 141
992 167
1126 168
536 233
11 246
730 283
1253 348
515 351
455 384
536 407
1510 432
649 481
515 486
1126 539
1253 642
557 644
992 644
107 764
536 785
465 821
391 821
498 821
455 848
1609 853
529 856
34 4
114 362
1063 432
1322 596
1036 644
574 821
505 856
671 92
766 109
389 205
326 283
1103 366
1361 481
566 612
1501 637
330 637
168 672
70 44
579 81
655 165
428 421
506 444
1408 515
620 587
48 589
814 637
542 764
1060 838
590 81
1024 167
1095 167
615 228
1213 384
1040 644
1417 764
1333 812
1637 821
1333 862
920 864
137 13
639 92
897 145
1031 167
1265 228
874 328
874 359
874 536
477 637
958 644
1168 644
874 652
1094 821
676 821
168 848
1197 864
957 167
666 167
1401 351
963 432
1191 432
482 432
467 519
50 586
799 637
666 697
1105 697
1494 821
1062 821
1043 828
580 81
611 85
695 95
98 167
1073 167
1273 228
1060 229
278 283
1535 376
695 384
565 432
1602 525
98 637
1047 637
1062 644
1025 697
999 751
890 811
974 821
1046 821
1482 853
566 853
98 856
998 856
142 864
831 869
965 167
1140 177
1258 223
1258 324
1521 367
356 524
465 681
433 733
998 764
687 821
1654 853
93 65
60 81
505 129
302 149
959 167
643 167
620 712
1364 813
1667 821
111 510
379 46
517 92
681 92
1060 167
1052 222
259 252
663 274
836 276
140 276
1500 343
1538 498
1580 535
1454 588
21 751
1034 838
458 856
574 864
1169 868
128 176
580 343
1355 481
1588 481
696 642
578 644
1545 780
1044 821
1588 821
559 856
319 40
513 70
910 150
982 167
1101 167
1265 227
1266 227
319 245
319 261
513 272
836 272
1206 272
1306 285
1102 297
586 307
810 339
1438 343
1191 343
466 363
223 369
449 413
1113 553
882 588
1445 644
1113 644
223 662
1243 683
882 695
1567 764
1368 764
645 792
487 792
513 797
1110 828
584 81
989 167
1117 167
1234 211
1243 214
559 227
289 272
840 276
472 285
1001 285
1421 285
1269 285
1422 285
1243 296
1154 307
576 343
538 343
989 351
1202 432
619 717
1661 751
1003 751
576 792
659 821
1614 839
583 81
1155 276
953 276
679 285
1526 370
1526 377
1526 385
122 387
1526 387
1526 437
515 474
505 764
991 790
286 792
991 795
122 824
139 13
477 81
972 167
1257 248
632 252
1365 264
1336 307
1043 343
513 409
1257 461
1257 462
79 577
215 592
706 598
434 749
1193 795
193 858
1112 860
193 869
1285 869
515 95
664 167
1415 283
546 297
1448 299
1359 307
1448 385
1448 387
513 447
1448 467
1448 497
422 734
1505 856
1001 227
1271 228
444 268
466 276
495 276
14 312
1271 343
1276 343
1043 403
1193 430
20 600
973 792
1271 792
421 792
140 792
408 795
714 815
1545 860
851 860
647 868
588 868
882 178
1243 223
644 272
1388 272
1011 272
1390 272
571 276
1007 283
1439 297
618 300
1429 307
564 307
142 343
54 343
1499 343
1365 343
444 382
1243 528
54 565
496 565
1019 592
307 624
360 648
1357 780
882 787
1495 790
1038 790
1570 792
1499 792
1438 795
1641 795
194 795
1390 795
109 858
1337 868
1072 868
1574 869
1037 869
250 62
1044 167
1402 276
476 276
1201 276
171 285
1420 285
1094 307
1041 343
578 403
1552 403
525 407
1126 548
1057 592
1500 592
468 631
1221 681
1319 728
468 744
534 751
477 792
968 795
969 795
439 795
712 858
1337 860
660 868
1201 869
1112 869
171 227
1216 272
575 307
1493 343
1161 343
1487 343
538 348
1020 363
1303 403
823 525
964 565
1161 565
995 592
754 592
280 644
973 751
280 751
995 790
964 792
1493 792
1006 792
1216 792
1649 795
1493 795
1278 860
82 860
907 869
156 81
669 92
728 102
728 104
1147 180
728 223
415 272
835 272
474 276
835 276
1147 282
1200 285
1430 288
728 293
728 319
728 335
1399 343
935 403
212 403
140 403
728 409
728 427
728 438
1323 443
728 448
235 464
636 465
455 467
728 562
100 565
1036 565
669 565
1409 592
5 726
1308 751
1165 751
1218 780
616 790
1494 792
408 792
156 792
842 795
974 820
1649 868
1350 868
611 869
632 89
289 92
632 135
632 136
680 219
694 228
1386 272
953 272
582 276
1419 285
486 307
815 343
655 403
236 403
632 418
408 516
93 581
433 586
1591 592
1564 612
11 787
786 790
131 792
766 792
16 792
32 792
1563 795
1093 795
1386 820
1419 820
815 868
1291 869
414 869
48 6
706 98
463 118
784 122
784 179
48 245
1417 283
784 295
438 297
403 316
1495 343
1312 343
479 363
463 385
706 407
1212 505
784 528
1074 565
438 565
982 592
706 624
599 751
1284 755
1280 790
271 790
1593 792
1074 795
1633 856
1192 868
1216 868
1646 868
1024 869
855 150
14 246
499 272
1009 276
478 276
1310 276
499 276
1412 283
1095 285
1440 297
1375 297
983 307
996 307
58 307
1497 343
664 403
1199 403
1262 403
855 436
411 565
1107 565
1593 612
683 751
1009 751
564 751
908 780
619 790
1565 795
1310 795
1580 800
782 820
641 868
1375 868
572 869
1011 869
279 869
585 869
649 92
34 92
821 271
1404 276
1295 307
730 343
839 403
497 403
815 494
344 565
356 592
356 644
983 751
6 751
691 783
1405 790
1195 790
1650 795
1295 857
1371 864
6 869
202 23
538 76
907 149
1023 167
538 211
1369 285
1371 307
216 326
1023 343
1498 343
1458 343
447 403
436 409
1329 565
498 565
591 565
572 644
1534 688
1329 751
1066 751
974 790
653 790
908 790
1070 790
1446 790
827 792
819 795
1617 821
268 823
1066 828
908 862
447 864
1496 868
984 869
1023 869
533 76
570 81
1115 167
1269 227
533 233
1270 276
533 342
570 343
1085 343
840 343
533 407
589 637
1368 643
533 669
279 751
460 792
1664 792
490 792
1269 795
424 838
1505 840
1214 864
657 868
1664 868
1085 868
604 869
586 81
673 92
361 276
477 307
1386 343
590 343
752 565
1196 565
1200 856
419 858
1361 859
1635 859
1510 868
1093 869
1110 307
443 343
1591 565
684 630
1591 637
1048 751
1110 751
645 795
130 822
1160 868
142 868
1613 868
1591 868
74 9
993 167
74 264
1281 272
1401 276
573 276
1406 276
1413 283
1423 285
1323 328
961 343
1401 403
74 588
1501 592
1511 592
1281 603
74 749
1605 751
961 780
1133 790
1503 790
1133 792
295 792
1406 792
1413 795
1371 795
74 803
1551 812
292 868
484 868
751 869
292 869
993 869
668 92
511 98
1065 167
1067 167
433 179
347 183
1268 227
1327 248
1347 252
1394 272
1160 276
1405 276
541 278
1316 284
1219 285
139 307
1065 343
1105 351
639 363
1347 377
1394 565
1584 592
1327 671
988 780
1268 780
841 790
1083 792
1347 822
681 853
1052 860
1633 864
1286 868
1268 869
93 9
58 76
588 81
997 167
484 167
307 230
1387 272
239 272
672 276
1345 276
1247 276
515 293
974 297
1041 307
21 307
1036 309
1496 343
672 343
875 356
672 361
1519 363
1551 403
551 403
1 421
742 575
21 592
5 633
573 637
1139 644
707 723
93 749
972 751
1593 765
1398 780
838 792
307 802
1139 821
714 862
156 864
1387 868
1314 868
293 869
1440 869
118 10
643 92
483 129
786 167
1272 228
584 276
799 283
1097 297
1461 307
1445 343
1117 343
584 403
228 421
1034 481
1443 481
118 569
1601 592
1419 592
944 606
707 685
346 749
283 751
1445 751
1004 764
1601 790
1034 790
118 791
1601 792
643 792
984 828
1585 868
1669 868
1598 869
1012 869
1458 869
55 7
576 81
587 81
823 167
1113 167
1119 167
1058 228
1277 228
569 272
886 272
1205 272
1025 272
569 276
1363 283
1454 302
1462 307
1206 307
1464 307
118 313
1454 316
1261 343
1465 343
1482 351
212 361
1454 419
1454 450
118 453
1330 481
119 481
118 545
557 592
1017 592
403 592
1482 592
118 597
118 629
587 637
1071 644
1369 644
281 644
493 644
1198 674
1206 751
403 780
830 792
1025 792
1002 795
1268 795
493 795
1491 795
240 795
1071 821
493 821
1296 853
493 853
830 868
425 869
118 78
118 91
316 140
215 167
1107 167
118 275
1403 276
1416 283
316 320
1087 343
1521 377
5 407
1521 486
1064 821
1285 859
1009 869
1045 167
1081 167
878 194
216 323
1120 403
1193 519
1193 526
814 592
433 598
605 630
433 683
1193 757
806 795
995 240
1478 343
1288 565
583 592
503 595
461 642
693 792
1666 857
1666 860
642 869
45 5
45 126
1332 251
1391 272
286 403
1344 403
1370 432
1409 470
996 592
1333 675
1077 734
1391 792
1087 792
1038 796
1124 844
559 854
905 869
14 2
60 7
160 45
335 87
663 92
823 127
511 248
60 268
746 274
651 297
60 427
97 455
511 464
14 547
480 592
746 595
160 646
151 688
151 690
151 737
151 746
905 751
836 777
1571 794
1571 797
1015 869
568 92
474 92
1274 228
1414 283
582 283
1274 285
534 297
216 312
216 325
1133 343
520 343
33 374
33 393
592 435
33 437
759 447
1534 749
1534 750
1534 764
835 777
289 792
1405 797
843 797
1081 821
1123 854
1218 855
1590 860
489 868
1500 874
180 20
525 85
651 92
675 92
237 104
546 283
1050 297
1283 307
1409 307
1463 307
1370 343
391 470
910 479
1013 592
1338 592
1363 592
440 610
1660 742
593 777
165 777
1054 777
1476 790
969 794
1054 794
643 796
969 796
1660 813
1660 814
1660 815
557 844
1112 844
900 860
131 868
618 249
943 265
571 283
618 295
1121 313
1000 403
943 409
39 426
1425 459
421 470
216 502
433 538
1142 642
1305 780
466 796
477 874
313 39
169 81
168 92
169 92
534 92
34 165
466 196
88 233
114 279
660 283
169 297
660 297
313 323
114 555
168 582
313 672
1605 701
609 797
193 798
627 822
114 828
644 874
423 53
511 69
334 81
4 257
334 283
745 304
1465 307
592 312
1257 399
404 450
63 470
404 483
168 589
404 609
463 629
591 657
297 777
1123 795
168 855
1565 857
643 874
5 10
568 81
582 81
653 92
582 92
680 92
976 167
511 214
297 272
692 323
1000 363
137 454
297 563
976 565
1241 585
213 588
1241 659
130 663
1334 797
582 797
900 859
1334 874
282 33
627 89
914 151
545 245
568 283
574 283
568 297
1460 307
627 375
337 437
835 470
1112 470
914 536
21 585
502 592
133 606
1207 630
1207 633
511 671
337 676
1013 794
588 794
1647 798
1506 853
1280 854
660 92
140 92
912 150
1077 167
706 195
285 196
943 209
169 283
1418 283
538 380
449 387
538 467
776 647
42 648
759 660
912 757
616 761
140 777
1199 777
995 794
408 794
408 796
1303 797
1372 797
408 798
281 798
73 803
286 844
73 856
1421 859
1056 874
216 25
5 77
648 92
665 92
265 273
58 348
690 384
1366 456
496 470
1168 546
1168 761
505 777
517 777
1646 777
712 794
1487 794
1273 794
1168 794
505 796
599 796
1554 796
838 796
819 796
593 797
1625 797
1034 798
920 869
159 16
677 92
677 283
707 312
374 317
245 436
185 476
1359 761
604 777
843 794
476 796
477 796
1032 796
1218 797
1369 797
489 797
1277 798
1552 822
224 869
127 10
127 77
556 78
574 81
158 145
97 221
1354 259
1393 272
650 297
574 297
1319 302
974 470
1319 608
910 624
176 777
852 777
473 794
680 794
473 796
14 796
771 796
1076 796
1083 797
974 798
1048 798
1480 844
1235 844
974 855
465 860
176 874
4 11
1209 329
842 403
1439 470
1467 478
1194 792
1509 792
1666 794
1650 794
557 796
1666 797
529 803
294 844
1666 858
1113 869
1601 874
647 92
672 92
960 196
935 297
1484 335
1347 375
1466 549
413 592
1517 673
1332 710
1407 751
280 761
679 761
1402 777
490 796
280 796
295 796
672 797
639 798
655 798
295 798
577 857
1593 869
168 874
613 874
61 7
210 24
455 62
575 92
662 92
61 112
1125 168
662 297
145 313
1475 329
210 370
832 449
318 479
50 554
1164 592
1475 611
145 629
318 642
810 653
50 685
1344 701
1111 701
1298 751
831 761
1493 777
1038 777
293 777
493 792
1006 796
831 796
194 796
1333 797
661 797
1038 797
480 798
1420 844
770 848
1420 874
665 884
153 78
575 81
423 134
1243 216
179 307
341 390
341 391
1412 454
1412 495
1322 601
1156 614
153 653
1332 688
1332 691
576 701
1440 701
855 704
1332 746
1068 761
1559 777
286 777
908 777
680 777
279 794
639 796
279 796
140 796
479 844
671 844
1063 860
252 869
1264 874
641 874
908 874
425 874
132 92
845 292
624 372
845 376
624 383
624 390
433 725
945 749
1096 777
1629 794
1629 795
497 796
1096 797
470 869
1267 874
38 5
175 19
175 93
859 145
1288 470
586 536
1233 595
859 752
1641 777
156 777
1641 844
839 855
565 859
103 10
495 73
644 517
689 576
596 594
1221 701
1409 701
104 783
1501 794
822 796
142 797
1005 797
1005 798
1649 858
1518 874
1574 874
935 884
436 56
422 112
772 291
485 337
520 470
1237 474
583 761
520 784
1009 794
1511 796
293 798
109 857
109 859
1634 874
463 63
463 268
168 297
1483 343
4 441
4 443
1084 470
463 517
617 552
970 592
1559 592
171 701
1084 777
1205 794
1205 796
1502 798
171 844
1275 844
1505 854
1649 859
489 869
1312 874
1167 874
1394 874
427 67
646 92
1201 196
1215 208
1392 276
455 299
1233 323
1466 374
156 376
1472 443
370 469
1233 521
622 546
774 616
427 627
657 761
905 761
1365 761
1401 794
1392 794
1618 796
815 797
439 797
439 798
370 825
1465 858
1193 874
791 874
655 877
575 884
58 118
833 129
1550 403
1086 403
546 459
1133 777
1405 794
836 797
1613 798
1040 874
183 21
133 139
77 190
778 261
282 268
1294 297
1395 343
1563 426
110 497
1037 586
1478 701
183 778
1474 792
60 798
1497 844
185 21
362 46
426 54
1134 175
987 196
1134 272
578 283
426 693
1399 797
693 844
1280 874
667 92
667 283
667 297
471 403
1453 696
1362 701
749 738
1610 750
1166 777
1095 794
939 874
1421 874
435 56
94 157
1192 196
426 332
826 343
538 377
94 377
94 387
443 470
94 498
654 751
1057 796
655 92
1051 196
644 206
848 243
1198 297
1033 312
1215 483
1341 592
154 668
982 701
1582 757
990 794
1616 796
1430 797
457 797
457 798
1589 844
982 859
309 859
1501 874
171 874
110 10
192 22
269 32
589 81
703 97
707 98
1023 196
592 217
1458 306
1416 307
22 471
30 536
322 581
57 610
1036 701
322 750
322 787
799 797
1063 797
334 844
941 844
515 851
1305 854
344 859
283 869
1488 869
1072 874
1199 874
855 134
1196 196
1494 343
994 343
589 343
957 403
749 419
749 588
356 701
1191 751
1664 777
1507 790
33 792
368 794
1214 796
0 797
1503 797
0 798
993 854
178 854
79 858
1223 868
1069 196
590 196
1202 196
184 307
1158 449
1296 449
269 467
184 592
1278 701
992 701
482 701
453 751
830 794
837 795
830 796
1392 796
1269 796
1310 796
1629 797
1069 798
1505 844
993 855
362 869
572 81
656 92
165 103
905 148
1082 267
159 310
159 343
659 343
1473 470
398 555
983 646
142 657
1074 761
125 13
608 85
646 297
536 388
395 466
536 589
1658 740
1658 742
442 749
608 763
649 797
1658 814
1658 815
1658 818
536 824
581 81
650 92
810 126
270 326
427 341
187 398
1474 432
739 565
739 657
609 674
94 685
609 701
1474 853
1434 854
1434 855
1066 858
88 9
571 81
573 81
517 196
165 281
571 297
678 297
1467 312
1529 371
1529 396
1529 405
678 470
734 717
88 749
1436 778
1219 794
1375 797
88 803
1529 829
132 844
534 857
993 858
577 878
664 92
670 92
676 92
678 92
282 277
676 283
1311 343
629 447
409 541
1524 637
696 748
1486 794
652 844
1619 858
1630 874
1642 878
406 50
434 56
65 81
636 91
188 92
759 107
1191 196
676 297
14 446
1575 449
639 777
568 857
465 857
651 857
568 858
1083 858
14 861
46 6
287 47
503 84
642 92
658 92
666 92
674 92
718 100
814 196
837 245
1392 272
821 314
666 343
30 409
21 586
341 672
674 701
693 761
1603 761
1025 794
826 794
1392 795
1311 796
493 844
212 857
27 858
660 858
651 858
1236 859
1357 859
677 859
492 861
745 867
1624 868
666 868
1064 874
1065 874
1594 874
119 878
88 85
629 89
1158 196
689 221
1319 244
689 278
93 312
759 329
933 371
629 375
93 411
1319 419
1319 445
297 453
1485 465
518 477
573 701
1319 747
574 857
297 857
574 858
574 859
162 861
1444 874
711 878
1061 878
121 884
203 139
948 164
717 258
1200 264
203 303
203 312
948 600
194 691
1433 844
961 861
310 874
1262 874
229 27
330 42
229 205
1435 299
431 463
229 467
1010 470
1344 470
904 701
83 749
1187 763
484 777
1632 777
1435 830
229 831
604 844
208 848
83 856
582 857
1551 859
1088 874
101 10
8 13
626 88
552 107
1193 196
101 270
1131 366
101 450
1550 470
406 685
835 701
101 735
101 738
1398 796
356 797
1509 798
1502 857
582 858
1520 858
564 861
1645 874
918 875
87 105
775 112
775 176
235 181
3 265
775 364
546 449
1215 465
1031 470
882 522
398 543
201 618
775 704
1406 777
653 857
1409 867
330 867
53 874
775 883
17 2
17 39
96 108
17 117
17 409
1381 433
5 585
237 611
159 648
17 648
1381 679
985 857
534 858
233 28
634 89
6 196
634 252
287 570
634 573
55 590
134 757
1041 761
1187 788
1209 825
233 831
988 844
908 861
11 2
546 122
185 274
279 584
30 585
191 663
1636 701
191 822
1609 844
973 867
272 33
318 40
272 45
372 46
272 56
372 102
372 104
272 145
30 196
272 213
165 299
372 319
399 335
272 348
372 407
318 414
272 476
620 801
203 23
185 312
816 470
1154 470
203 609
1341 701
96 10
105 10
307 74
638 91
638 104
1177 190
307 232
1244 254
638 274
927 291
311 296
927 299
638 319
1222 455
638 469
585 470
638 654
1087 695
261 867
619 874
866 139
849 166
27 204
866 383
1475 521
444 830
658 874
311 39
625 88
888 145
931 157
866 162
311 233
433 242
866 246
52 268
113 303
1213 371
5 578
625 599
948 619
511 753
540 78
770 111
41 145
406 279
41 327
1258 378
1258 388
948 417
888 420
866 444
948 463
233 469
948 486
931 497
540 521
540 601
948 653
1190 688
948 711
874 712
765 867
569 867
995 867
1605 867
205 23
205 117
205 126
205 199
17 435
205 463
205 476
396 520
205 619
205 627
1136 763
1136 784
1333 844
664 857
886 878
505 126
249 335
178 453
866 685
976 749
1384 752
1071 797
849 883
91 9
793 122
1383 271
91 352
1530 379
1530 383
1530 390
1530 391
793 439
703 570
793 598
91 609
793 629
793 749
1383 752
1298 794
1392 797
793 803
1298 844
3 0
640 92
578 92
3 190
3 312
1173 332
1245 335
1250 371
721 508
640 790
3 824
672 857
559 867
946 867
1604 874
1595 874
1374 878
510 69
334 74
578 81
654 92
21 196
510 202
510 223
578 297
707 306
334 329
183 341
510 650
368 852
212 858
672 858
1623 867
649 878
50 6
489 196
33 196
1584 470
344 470
1484 470
1070 723
867 808
1066 844
1267 861
1510 867
1191 874
83 9
124 10
134 56
1197 196
1510 380
129 456
1081 470
748 470
1087 588
1342 701
671 701
675 796
934 798
150 828
146 831
762 844
1345 858
1128 861
900 867
959 878
675 878
491 878
816 126
875 183
1323 246
1554 406
61 414
675 515
1013 867
1590 867
817 126
817 246
817 475
738 480
301 497
817 588
301 601
301 616
301 636
817 642
1249 712
301 757
399 48
777 114
17 139
777 179
164 438
1427 474
48 593
1427 603
333 669
777 683
777 700
399 757
464 791
777 960
715 206
196 332
1318 370
56 502
439 701
439 838
1615 874
1095 874
1162 878
547 107
1531 749
1105 838
1022 858
1022 859
988 874
49 6
235 28
49 40
84 87
439 196
49 414
977 449
465 449
1661 838
1458 838
1297 838
1133 861
754 867
1097 867
977 874
1574 878
941 886
665 900
121 900
536 76
1037 196
587 196
536 211
1472 320
1505 357
1007 449
1100 449
1542 467
1419 701
465 761
30 838
1603 838
1403 851
565 867
465 874
294 874
1122 874
1356 878
14 880
301 38
364 121
983 196
369 372
550 377
1477 449
1073 449
749 540
366 570
366 590
366 599
141 761
1331 838
1505 838
796 847
1108 857
1087 874
421 880
534 892
588 449
545 704
669 797
168 838
1008 838
1629 851
1434 861
1390 874
1008 880
1390 889
51 6
348 45
694 95
51 101
815 126
51 145
348 153
348 164
1013 196
1030 196
348 232
51 271
348 312
51 383
568 449
297 449
431 568
762 838
169 874
1013 874
58 874
1547 874
741 874
694 880
988 196
650 196
835 196
893 350
49 387
1537 432
534 449
574 449
998 449
650 470
236 470
807 474
1023 838
1038 851
646 858
1496 874
588 874
576 880
276 892
807 126
190 196
651 196
1400 274
736 292
1400 319
807 527
96 587
807 723
217 761
297 867
1265 874
999 874
1061 874
323 878
438 878
1647 880
552 883
1092 886
828 888
489 890
1297 890
1459 890
1120 890
552 78
217 196
552 312
337 387
646 449
1569 449
1586 470
617 620
1580 791
208 831
1041 851
490 851
1393 858
828 874
935 874
34 874
996 878
1216 878
361 878
1518 880
691 890
1340 890
41 182
699 435
1061 449
150 611
150 639
699 685
294 761
1625 838
639 851
1064 857
1064 858
651 874
877 874
1388 880
639 887
1574 888
290 889
1340 889
1104 890
31 4
620 87
50 170
967 196
1089 196
1542 387
1013 449
1297 449
1132 492
1132 588
1043 761
1542 830
1043 857
1043 858
967 874
1089 874
967 888
770 892
39 5
76 9
89 9
237 204
1233 329
660 449
1233 784
1208 847
1346 878
832 880
344 45
164 69
164 102
575 196
1203 196
164 324
164 362
1556 411
164 660
71 672
198 867
1090 874
1373 874
826 878
644 880
1402 880
1576 880
4 0
428 89
434 98
27 196
813 206
1570 449
1071 470
1357 470
858 693
444 702
882 786
975 838
459 838
1501 867
27 874
1038 874
582 874
1357 874
1508 874
835 880
671 890
1126 266
1242 284
1242 323
1242 545
297 585
315 634
1309 761
1122 761
1276 838
1553 874
1460 886
58 183
654 196
414 449
1240 470
1083 761
1001 838
653 874
1011 874
839 874
613 877
34 878
34 886
485 887
836 890
642 892
655 196
556 364
985 449
575 470
1030 761
160 791
568 874
677 874
1160 878
985 196
703 310
1173 333
634 418
1544 437
299 470
857 599
729 611
1555 685
985 761
665 761
1544 823
1563 838
985 874
998 874
1571 874
266 880
168 888
1530 371
169 449
1022 449
485 489
31 587
1024 639
1114 761
1138 764
966 867
966 874
770 874
1401 874
822 874
414 874
1201 880
1067 886
1409 887
1275 888
857 135
129 196
677 449
575 761
677 761
1582 774
724 838
1361 867
575 874
750 874
1156 880
1198 891
642 900
662 900
475 80
483 196
1122 196
79 275
104 286
79 473
104 477
653 761
293 761
689 801
979 838
169 851
1303 874
685 874
672 874
653 880
479 880
672 880
566 880
444 95
898 145
963 196
980 196
293 196
1106 196
928 498
637 502
1459 662
1379 680
1303 761
585 761
1501 838
1511 870
574 874
655 874
1502 874
323 880
368 880
164 17
320 40
637 91
662 196
320 245
928 374
928 467
31 508
31 616
320 617
1177 679
574 761
998 761
1037 761
1089 761
1495 838
1619 838
908 851
833 867
1401 880
515 70
555 78
928 157
604 196
930 281
928 291
313 300
762 449
44 487
1215 529
928 573
1022 761
1421 761
1344 761
956 867
1367 867
583 867
1202 870
458 874
1625 874
1053 874
283 878
1403 878
1142 880
1273 880
587 886
1058 888
1295 890
114 10
40 78
461 134
1457 306
579 310
461 311
1426 322
348 332
217 838
1200 874
141 880
10 1
10 113
784 115
941 162
10 221
10 314
585 371
7 371
52 375
928 387
225 492
1581 574
784 683
529 692
223 734
656 761
470 874
79 886
1135 894
784 960
191 22
392 47
56 49
407 50
931 380
931 547
1316 562
928 596
191 619
1112 761
191 778
1270 851
1000 870
1270 880
767 254
212 449
815 851
983 874
447 874
212 874
1051 874
827 878
1072 880
1162 886
496 889
1511 894
115 10
220 25
230 27
153 42
678 196
1176 240
230 302
230 424
145 479
9 705
230 735
230 738
1092 761
0 851
615 886
21 893
782 894
219 25
514 126
219 261
219 299
92 311
219 374
219 385
219 684
92 746
490 761
1090 761
1093 761
1415 878
15 879
481 888
168 892
417 893
104 10
927 157
1198 196
103 806
551 838
1284 874
350 874
299 874
1007 878
551 878
1614 878
786 879
1020 880
246 888
1127 893
577 893
1554 893
433 122
930 157
389 234
302 301
1435 380
1435 388
1355 440
1435 498
1249 634
551 851
217 874
718 874
498 874
168 893
129 893
1078 196
1237 212
1338 701
39 878
983 879
708 893
1199 196
166 305
183 333
166 336
224 585
563 585
930 684
215 761
462 838
1608 838
1434 838
993 874
1667 874
171 878
904 880
1074 887
1552 761
1078 761
1266 806
1227 870
656 874
447 878
1032 893
1142 893
611 893
1101 894
1123 196
1139 364
545 419
1577 449
1393 449
676 449
718 449
1123 449
973 496
1472 622
185 704
486 761
1123 761
1577 874
1569 874
1110 874
439 874
132 879
487 66
993 196
888 269
1120 449
1120 470
888 585
369 623
1577 761
500 761
1069 838
466 850
1372 850
1502 851
971 874
879 874
573 874
662 874
676 874
1465 874
1120 874
557 879
454 883
1519 890
505 893
1083 894
58 66
496 66
852 133
879 196
64 196
676 196
1100 196
1108 196
353 265
608 406
1393 470
1352 585
163 613
503 756
1049 761
1608 851
983 870
98 874
64 874
1576 874
1010 874
112 874
953 874
1618 874
565 879
398 886
496 894
204 23
472 66
492 66
129 66
889 145
889 175
449 389
1128 449
889 534
1436 558
1436 719
332 874
1227 874
771 874
497 874
1486 878
487 879
1218 880
309 66
40 265
1573 439
913 559
449 645
878 685
1096 761
1087 850
1519 889
1486 890
1588 891
474 66
885 155
1022 196
893 237
1518 761
1133 887
1133 890
486 66
1217 207
1529 428
890 850
483 851
670 874
1279 880
1472 880
1074 891
37 5
200 22
405 51
495 66
200 127
37 162
318 335
1132 371
1537 380
37 444
447 449
1537 547
730 727
1107 851
1622 879
921 156
921 221
1578 449
31 601
1085 796
886 850
1002 867
1668 874
1563 879
1594 890
113 10
422 56
480 66
455 89
732 102
732 124
169 196
1234 246
113 302
128 306
732 319
1234 410
113 483
113 608
38 627
738 649
732 654
921 685
1615 761
1065 878
651 878
206 24
1512 352
1512 445
1512 483
1560 486
1512 608
813 725
1079 761
93 803
584 874
294 879
1404 893
1242 214
1242 370
1242 387
434 445
1242 501
233 542
1242 630
1242 633
898 761
1589 880
701 96
701 182
1177 209
1242 299
739 329
514 406
67 672
793 691
67 747
1350 874
1155 893
1103 893
796 122
468 364
796 387
796 467
468 475
796 497
906 646
475 761
1402 850
271 878
310 888
518 126
1315 302
1208 350
715 690
1494 838
1088 880
440 893
473 66
476 66
115 76
692 175
1138 176
1138 195
794 216
930 424
794 638
869 648
1366 747
1350 761
1632 874
1075 874
239 894
490 66
1075 196
1246 215
1210 223
515 271
1210 274
1210 319
592 436
1381 510
515 653
1210 654
397 674
1210 700
1246 822
1166 851
615 888
505 894
125 10
186 22
186 139
186 190
1258 289
13 443
697 659
1085 701
988 851
1360 874
1360 878
337 894
1561 563
795 610
1179 627
1179 729
420 831
572 874
366 46
688 93
1136 176
1136 235
713 259
688 360
688 367
1544 387
271 601
84 613
1136 668
654 761
661 850
654 874
1371 886
389 47
389 117
389 535
160 541
776 757
1066 761
160 774
640 851
188 874
1393 889
1071 891
332 894
491 66
571 196
571 449
283 761
0 806
1123 806
571 838
1307 874
571 874
1619 874
1219 888
908 893
908 894
40 5
171 66
483 66
1163 196
40 743
1163 761
483 806
1345 838
1463 850
833 851
1345 874
1445 891
1340 893
1224 894
33 894
16 2
478 66
485 66
957 196
957 449
703 471
957 761
965 761
1033 761
1269 761
1297 761
642 838
670 850
957 874
934 874
1364 874
1341 878
1119 878
1014 879
1334 893
604 893
491 894
1138 211
579 268
1138 681
554 746
696 782
356 66
248 202
217 806
356 893
682 93
423 282
921 300
185 647
1234 670
685 761
731 825
1415 850
1577 894
388 196
388 214
388 616
368 893
1593 893
1638 894
182 21
750 105
182 466
182 784
53 850
419 850
33 893
871 898
489 66
500 66
739 203
811 221
115 412
248 590
185 655
921 707
811 707
534 898
494 66
1187 194
468 355
469 761
1062 806
823 806
795 559
264 898
129 899
185 213
357 748
1582 791
665 870
475 66
27 870
153 15
470 66
1449 387
1449 467
328 473
1449 497
1316 544
1475 617
1231 630
398 725
1323 774
1316 791
1449 847
1449 848
66 865
481 66
432 74
173 78
388 176
388 195
388 211
388 358
388 364
388 453
1093 870
38 68
537 90
891 145
881 164
891 180
881 230
881 233
537 480
881 508
891 534
881 648
881 750
881 764
881 144
89 314
61 340
1555 435
85 9
727 320
1573 479
38 653
85 688
656 870
1552 870
985 773
1634 807
313 180
160 197
334 693
1552 777
497 66
696 95
785 116
1207 256
696 446
1207 610
369 637
696 691
1357 773
985 870
1287 870
858 135
970 377
94 430
1255 484
1255 508
977 870
1578 874
179 20
1 25
264 772
1095 850
998 870
471 66
375 230
375 545
375 552
1231 642
1231 722
1571 773
1049 870
1518 899
1123 899
1179 191
556 690
79 9
942 633
980 773
550 801
1416 807
1284 870
821 126
821 153
1 187
1189 194
1134 302
1 409
409 512
115 543
409 693
871 726
746 202
64 268
1189 372
856 424
1258 559
1336 807
1633 893
482 66
484 66
860 137
860 475
888 588
1217 596
194 655
344 850
685 870
836 870
1115 870
1610 899
85 215
550 420
116 653
0 773
1140 850
367 884
488 66
493 66
9 682
1493 850
1309 870
1070 870
559 898
13 2
1184 193
13 246
1258 476
13 487
1100 870
1385 900
427 214
1147 286
427 659
1457 865
821 145
744 178
518 282
518 286
206 335
518 679
1078 762
169 870
178 899
433 916
747 104
747 539
747 545
747 707
1310 807
1026 838
1026 851
1061 870
1200 870
168 899
315 39
1141 178
1385 271
1131 364
5 423
1385 712
948 256
662 371
783 484
810 542
615 648
443 870
565 870
1278 886
1348 916
742 104
778 114
5 387
1546 387
1546 467
1546 684
867 732
806 878
856 157
73 268
382 312
382 335
367 657
1013 870
26 555
667 773
1019 870
26 883
1565 916
382 48
619 870
528 169
528 263
606 479
528 618
528 619
534 807
1078 870
537 487
1661 762
1193 807
30 807
1169 870
594 159
42 211
134 214
1189 266
1353 312
767 498
1353 527
594 537
1189 541
767 557
608 594
1410 670
1353 675
1487 762
835 762
1542 823
1545 870
1246 875
364 327
367 377
3 387
3 388
291 697
1276 762
275 797
367 847
780 903
157 15
157 396
871 412
625 743
466 762
1147 487
810 620
554 691
799 807
116 234
67 726
443 762
1576 807
353 151
353 436
378 654
1369 762
871 791
939 807
1084 899
690 139
785 252
496 807
648 870
541 78
23 266
420 299
420 378
420 393
1580 463
1580 587
473 762
490 762
520 762
580 870
267 870
821 883
118 94
1091 167
221 204
144 477
1557 558
418 607
1141 749
1009 762
908 898
960 916
277 33
427 54
1425 286
277 596
869 617
277 623
277 636
277 681
277 695
150 762
1653 762
744 763
277 801
1087 807
248 30
514 70
790 121
560 476
790 481
514 516
736 627
790 628
790 666
790 732
652 762
1499 762
1461 916
116 10
116 77
1451 299
1329 762
1628 807
30 159
403 476
403 798
1285 807
1036 807
1054 870
1547 870
1288 899
262 31
341 44
341 46
253 216
341 373
341 375
341 407
35 495
776 517
391 535
871 670
776 791
343 801
930 824
1635 916
158 15
158 47
949 164
33 176
949 195
949 200
33 232
541 245
949 268
312 355
158 427
158 623
886 762
364 182
120 367
803 645
120 737
701 184
1147 288
516 453
1528 603
736 605
608 200
871 205
608 215
869 418
522 562
1248 217
1248 266
120 322
10 364
915 539
1133 762
1412 807
1587 870
616 807
1230 807
194 838
53 865
1065 870
314 39
314 312
157 371
737 603
643 870
1231 211
1231 284
407 303
407 643
908 762
869 791
1612 870
1075 870
470 898
326 266
1403 737
806 762
898 762
814 807
619 807
957 870
1585 898
505 68
114 202
1449 299
297 364
880 430
114 557
880 563
1431 602
114 639
114 825
404 49
1181 222
404 302
778 353
401 442
1181 554
639 762
778 502
552 725
343 45
385 47
41 172
1189 212
1290 229
41 267
1290 324
1290 337
403 619
1290 645
1290 700
314 719
275 794
1650 896
1613 916
621 87
1081 259
221 431
35 455
1089 807
677 807
677 827
68 8
68 101
68 110
68 265
68 515
34 807
1649 905
997 916
1253 351
677 837
204 841
1544 865
98 885
1284 807
575 827
689 94
689 205
1212 205
1290 511
1231 736
534 827
285 885
240 885
569 905
1078 905
120 10
985 388
120 459
120 490
111 563
1480 807
1666 837
1666 896
374 46
798 122
68 312
506 333
68 436
68 479
374 545
506 601
568 807
985 827
542 905
352 45
537 76
537 153
339 233
585 438
923 570
537 599
727 700
727 732
1013 807
727 808
289 905
808 126
709 159
808 166
221 198
65 268
808 286
381 387
808 476
381 498
808 619
1016 762
1272 762
659 807
92 9
692 95
537 202
947 244
692 251
407 311
947 502
92 688
224 762
1340 807
1340 827
1405 837
1552 896
1623 905
210 450
744 486
818 549
1101 762
98 837
127 21
251 30
594 82
251 99
1450 369
888 600
930 635
1263 762
217 762
626 905
331 43
331 45
523 144
1435 291
1385 293
618 353
618 636
1279 747
523 569
1622 574
700 628
709 126
594 198
201 280
594 641
124 791
1569 807
1465 807
129 898
45 10
45 22
201 23
278 33
359 45
201 144
932 157
1353 259
201 293
932 299
45 436
932 467
932 498
359 508
1527 515
201 558
45 603
1238 684
45 778
490 905
697 440
1238 455
1584 896
585 896
9 1
274 33
885 664
1022 807
516 70
739 103
591 473
359 483
64 762
1481 762
737 778
67 8
316 47
316 117
461 126
15 169
67 182
555 250
67 264
1379 269
1379 348
872 439
555 472
857 595
1036 896
1616 896
1238 213
516 243
470 596
516 645
700 724
1599 762
330 911
871 139
144 288
157 645
431 653
517 762
1050 807
1636 807
34 856
789 277
370 305
564 526
586 807
370 808
586 827
1611 837
559 911
717 100
717 505
1470 905
683 905
1276 905
465 911
599 762
354 45
233 201
918 356
918 370
77 552
354 552
412 559
412 791
1022 827
122 10
729 102
181 515
729 545
729 557
588 885
911 174
933 294
1385 306
911 366
911 458
911 522
911 578
911 607
888 735
911 803
911 856
988 885
938 896
394 47
617 87
436 152
617 198
26 279
1426 286
918 299
1426 351
1534 375
918 380
918 437
26 479
26 536
1313 807
232 885
232 896
885 458
918 642
1337 762
1338 885
469 905
1634 911
1449 389
930 498
1096 807
1508 827
1160 883
624 88
918 171
1183 193
466 252
918 387
918 396
320 406
1564 458
338 556
320 599
320 600
654 807
967 911
770 911
94 10
1457 526
176 535
736 555
573 762
1500 837
1473 911
922 157
104 461
684 479
1256 698
110 707
853 725
922 746
1651 837
64 885
1198 885
1123 885
1093 896
1651 896
788 220
773 667
981 762
575 762
957 807
283 807
664 807
498 807
732 825
1043 827
619 837
1371 885
1570 905
534 909
844 130
1137 176
844 180
1255 221
1137 261
394 297
1137 299
1137 387
64 807
394 853
736 882
1185 885
1507 896
568 905
465 905
972 911
1399 911
1345 911
409 149
891 271
1411 293
1150 655
64 827
891 846
221 59
1152 184
211 248
211 300
211 462
201 640
663 905
655 911
1316 242
951 339
383 701
1400 825
140 905
1260 224
1260 574
1198 762
57 7
391 47
57 371
57 394
1476 421
57 428
1408 468
275 476
525 484
275 589
1581 627
660 905
836 911
201 355
623 487
1602 837
8 1
8 33
8 40
8 45
375 46
375 76
210 117
918 154
57 405
57 429
277 616
359 691
555 736
1206 837
669 842
714 905
527 909
1501 911
5 244
221 308
203 355
838 355
1145 462
1145 557
885 640
482 685
1145 825
142 917
1145 960
360 117
130 145
547 569
360 669
1395 762
1457 797
1395 905
1340 905
908 905
73 9
325 43
754 106
797 122
22 169
915 175
1077 406
22 603
73 749
660 762
797 825
1416 905
430 55
744 145
383 435
612 632
1153 679
939 680
72 747
414 762
1666 842
108 10
760 145
108 182
932 270
915 272
760 318
108 342
108 594
563 659
1150 182
208 389
208 423
1395 455
72 672
1064 807
29 837
718 387
383 674
1022 725
1668 827
381 829
1407 837
1109 905
751 909
1396 911
934 159
135 186
1132 211
1132 233
1132 318
1132 407
1132 484
343 599
1123 762
414 909
924 157
924 299
924 424
1179 603
1506 762
577 842
1418 842
674 885
1617 905
1519 909
1489 911
1219 911
286 911
190 917
805 317
10 864
835 909
383 47
114 114
114 247
114 250
114 472
114 529
1166 905
248 309
673 563
1318 791
108 39
94 110
856 178
899 203
1428 515
94 632
94 831
489 909
619 917
523 72
620 159
921 268
221 390
1148 467
1148 569
1148 726
1368 909
168 912
209 188
258 197
258 268
221 388
1485 418
1323 547
1146 778
258 830
1459 912
221 26
365 122
1507 837
1014 905
410 912
465 912
1374 912
756 917
857 246
270 483
574 484
857 555
1259 604
709 746
689 286
689 288
689 293
1259 551
376 558
689 603
1146 293
96 19
1258 251
1260 292
1260 293
96 367
218 597
97 652
886 842
613 912
58 912
97 162
250 467
317 536
537 763
483 905
1679 907
1023 909
1037 912
845 130
1072 912
770 929
282 78
440 109
579 305
103 427
1181 558
1260 603
1260 604
1260 605
657 842
1052 842
1155 912
1370 917
1156 186
174 401
1573 510
1156 648
662 762
678 905
1357 912
866 319
738 323
738 329
1159 412
1159 606
991 842
676 905
202 305
202 328
1177 791
1043 842
1671 907
1667 917
615 929
665 929
896 145
345 176
1174 259
896 534
896 846
1670 907
168 929
369 78
275 97
1178 611
1653 842
668 917
1504 603
1661 842
16 842
1111 912
160 168
540 222
1182 427
794 654
39 842
1182 881
1182 893
96 182
437 195
437 266
1430 292
329 368
96 401
1301 515
1610 912
1469 912
612 86
135 152
901 875
612 881
1225 209
737 272
1436 292
124 597
1353 907
971 917
1099 917
345 47
345 198
1301 350
1208 387
1301 409
967 912
1552 912
364 231
514 359
789 375
276 644
789 667
789 829
835 842
1186 246
1228 289
1186 435
540 654
598 746
540 825
276 839
1261 842
121 875
1338 929
174 19
364 484
315 487
1159 607
1151 750
0 912
283 917
1148 185
142 842
1267 842
364 46
690 94
382 180
1437 294
1437 420
872 736
1639 842
633 89
1146 243
633 252
633 418
134 522
1400 557
633 573
192 597
403 642
433 727
1279 842
1631 917
1170 917
1159 188
364 407
43 458
334 842
1486 917
1077 268
354 712
1077 822
477 842
1083 912
915 173
1536 378
1536 380
1536 385
1536 388
370 560
571 762
1633 909
1119 909
1633 917
780 114
1427 286
1427 293
1207 454
1450 677
1180 683
780 700
1075 762
1536 824
981 842
1655 842
169 842
997 842
1075 905
107 912
1668 917
1084 917
611 935
894 145
1207 201
1146 355
1436 654
1142 929
915 376
942 436
100 912
1124 922
296 37
401 48
523 349
546 771
930 830
646 912
670 912
1180 191
1180 318
1180 477
1180 484
1016 842
293 897
961 912
252 912
212 912
662 912
1584 926
577 936
1180 960
1146 180
1573 664
1573 736
1052 770
890 849
466 924
142 935
104 12
882 144
911 150
104 158
1381 268
1381 270
940 332
1302 352
1302 365
1100 842
894 849
21 895
1418 904
14 906
16 906
934 912
1371 912
681 912
21 922
201 216
180 274
621 711
730 732
168 842
576 842
190 849
645 906
471 912
1219 912
1069 912
1224 912
1185 912
557 922
657 923
1647 923
190 924
141 926
1321 246
1348 253
317 289
1321 299
1321 387
1321 497
985 842
1461 842
1037 842
1037 906
1605 926
505 931
616 934
382 47
1087 271
1450 600
597 705
466 849
334 895
1451 895
165 906
334 922
1391 923
1003 924
741 924
458 936
94 104
918 261
695 306
1485 336
695 371
1485 560
695 829
653 897
1013 935
1013 936
302 937
872 140
84 316
433 484
1484 518
84 605
924 635
1228 647
1597 770
1228 774
1212 791
924 801
683 849
6 906
973 924
1661 924
1151 522
622 558
622 736
505 913
486 924
1390 934
1329 935
886 936
212 937
423 54
1131 171
1131 394
1131 661
499 842
529 906
1331 922
1281 924
279 924
657 931
393 47
521 145
1472 322
1581 463
1072 769
452 769
452 771
1300 906
466 906
53 912
946 913
472 922
293 923
1039 924
1581 925
1373 931
991 935
1461 935
508 68
1315 242
1315 439
1366 672
1366 734
241 897
967 906
835 923
16 923
16 924
797 201
346 312
346 757
575 842
279 849
1487 895
279 897
1043 906
477 913
644 924
330 926
217 931
875 935
590 936
353 45
353 119
353 620
900 906
1338 906
156 906
165 936
916 487
1252 587
1043 770
190 771
1574 771
927 831
1585 896
1511 897
21 904
410 906
505 906
1195 906
531 913
1038 922
1357 934
1121 935
1357 936
383 300
1324 358
508 586
1068 849
1068 897
14 923
657 935
655 937
229 145
1256 222
433 558
229 603
1184 661
229 712
1018 842
1016 849
190 897
1184 912
472 923
1161 923
939 926
1414 934
622 216
1262 225
383 342
650 842
1303 849
1286 895
1303 897
1197 897
1032 906
1286 923
616 924
1538 387
1538 467
1573 733
1055 771
591 771
964 906
1397 913
1102 923
591 935
794 122
887 407
1184 429
794 586
736 603
622 630
887 682
621 712
1117 771
941 906
1095 913
832 923
1510 923
1267 935
25 3
25 75
902 166
25 176
25 312
94 319
25 467
25 563
94 635
25 691
591 849
819 897
819 924
565 924
397 199
321 357
1324 453
1582 685
1324 704
1582 746
361 771
1457 794
236 842
1579 849
479 849
666 897
1248 900
1673 907
576 922
459 922
212 922
361 922
841 923
1571 923
477 926
1100 931
576 934
438 934
1315 241
1211 312
1211 555
1430 603
1211 702
212 842
995 895
1610 922
829 924
1635 924
566 934
1211 204
436 264
1343 336
1136 503
145 539
145 576
1050 842
823 842
1310 849
489 897
491 897
465 906
1553 906
1115 912
1616 923
350 924
1192 935
1459 937
889 292
540 352
889 712
1660 741
1647 771
1646 771
1312 842
1040 842
344 849
666 849
1133 897
39 906
546 906
1647 906
274 922
1647 922
488 923
1263 931
1434 936
586 937
1279 229
135 312
727 724
650 844
1562 906
915 152
1299 231
1299 279
942 290
1299 312
1299 356
1299 411
1299 455
1299 685
1650 771
915 882
1196 895
452 922
505 923
939 770
1383 846
1312 873
907 906
1678 907
39 931
1304 941
1145 179
290 239
1145 538
702 727
1487 781
835 849
836 849
474 923
835 924
1606 934
439 935
439 936
98 941
1487 941
19 3
1186 194
1321 312
1186 454
1176 604
1186 659
1009 768
1176 778
476 781
568 842
988 842
212 902
1554 906
1684 907
1240 922
1596 924
1277 936
492 941
5 126
685 312
1097 769
1293 771
593 793
534 793
368 842
1039 842
939 897
588 902
1677 907
1094 919
14 921
505 924
803 941
593 941
315 410
418 645
1642 730
557 759
1662 770
1652 771
1284 842
1545 895
184 904
1005 923
1480 923
658 923
494 924
1662 934
491 934
1261 935
171 936
1567 937
1324 246
319 299
1324 312
383 411
1135 759
319 760
1196 833
1583 842
580 873
499 902
1682 907
171 934
394 935
483 842
414 842
443 895
1089 921
527 922
1586 923
1373 941
522 145
834 477
813 685
109 781
551 897
1575 906
1674 907
1680 907
1497 922
1570 922
439 922
1047 923
559 923
1334 931
1261 936
273 33
323 105
496 571
913 614
1052 716
585 768
765 769
871 843
616 902
905 935
350 936
612 119
273 182
788 186
696 233
476 239
772 269
696 458
273 563
212 589
273 678
212 749
1438 781
1051 834
217 842
217 849
989 897
1627 897
696 899
1608 922
617 310
263 393
297 458
505 713
1365 730
534 759
32 781
297 843
332 845
674 906
1055 922
32 928
518 70
705 309
317 330
1539 380
1088 713
1106 770
1032 771
1048 781
21 781
660 842
1262 842
792 843
1048 897
529 921
1019 941
345 199
1087 317
772 385
185 682
458 833
1372 835
964 842
500 842
54 843
1096 897
644 919
1685 920
1102 936
907 942
1407 946
762 108
725 249
725 461
725 462
725 472
318 705
764 711
797 727
422 758
871 759
1011 781
1029 781
1029 841
477 923
639 924
1029 928
764 222
1295 239
1556 463
1556 653
754 730
588 730
1591 771
1556 791
466 832
1295 843
1308 849
1194 849
755 849
1214 895
491 895
1056 897
1405 906
908 906
1670 908
1672 908
1676 908
1455 908
1656 922
1002 934
908 934
1667 936
180 120
408 237
555 268
1407 277
458 321
1473 321
590 404
180 407
168 699
1629 699
168 767
1162 833
330 836
497 897
1022 906
1607 906
1200 906
1674 908
1677 908
1678 908
1547 919
484 923
988 928
1348 928
1390 928
765 935
1040 936
1018 936
1200 937
1663 937
1016 404
802 588
244 635
591 793
291 835
1037 845
1197 895
1073 913
803 928
310 935
310 936
1583 936
1662 937
132 12
818 126
1348 841
1318 865
1681 876
1550 906
1673 908
1377 908
1681 908
1683 908
1333 913
822 915
1285 928
1266 941
939 942
12 102
622 562
404 588
404 695
1429 849
1675 876
1291 895
1558 906
1684 908
1675 908
829 920
1294 922
1604 923
12 931
1170 237
1170 255
347 511
171 717
1170 781
1365 836
955 843
1670 876
1674 876
1682 908
974 913
141 915
960 919
534 928
1469 928
1087 935
1192 941
295 404
1554 781
839 833
581 842
295 843
1377 876
886 922
753 942
1087 942
1102 942
649 260
1256 417
1256 516
1561 712
573 771
1013 793
281 810
946 834
1631 842
678 842
1478 843
1678 876
1682 876
185 877
1399 897
132 906
1133 923
983 928
1399 931
1605 935
1418 942
772 182
1037 368
1455 540
951 584
683 758
898 770
1213 833
1641 833
1046 842
1123 845
1676 876
1455 876
1677 876
1679 876
1155 895
1650 904
1668 906
1679 908
957 915
826 931
1579 941
14 941
582 941
635 119
820 126
820 516
709 549
422 693
403 770
842 771
1037 832
1486 842
1022 842
469 843
285 845
1672 876
1673 876
1160 906
98 906
1012 906
274 919
1083 928
16 941
772 111
576 124
848 130
522 278
522 327
848 355
931 388
772 591
180 601
772 608
1178 718
1178 719
571 842
998 842
1489 842
1348 843
478 845
1683 876
1396 897
1110 897
1027 906
1626 906
462 906
1339 906
1199 913
1643 913
1224 923
1219 924
1224 924
310 934
1669 934
1643 934
1669 935
1191 936
155 936
1643 936
1616 941
171 942
33 289
1462 468
1464 468
180 688
1403 714
1482 730
1387 769
806 770
1387 770
1623 770
1224 778
1281 793
670 842
1307 849
1269 849
493 849
806 895
1091 895
493 897
0 898
1665 906
997 906
1033 906
1623 913
1345 922
1307 924
1269 924
1218 926
657 928
584 931
806 934
152 934
1054 934
1623 935
152 935
1404 935
1387 936
1376 937
1398 937
166 68
778 247
1680 876
1272 913
1272 931
938 941
727 102
1055 255
727 319
738 453
514 587
82 691
82 746
1095 781
1467 882
1394 895
1438 922
82 928
81 63
85 264
333 266
1229 339
1229 584
547 636
237 681
55 682
211 685
81 728
194 781
1297 781
619 921
505 109
655 793
569 833
292 915
1553 915
660 922
653 928
1638 928
564 932
564 938
16 170
951 330
466 337
773 352
1557 412
1557 426
1087 534
1159 561
1002 730
939 730
1117 758
951 791
836 871
40 882
129 902
1584 918
905 919
565 928
246 941
58 948
44 5
208 24
13 119
788 119
809 152
1301 233
480 260
364 300
534 347
21 349
1301 366
983 495
1574 500
593 729
84 750
480 758
575 769
1169 832
827 845
278 849
1593 872
1301 875
1662 915
568 918
1574 919
1649 928
262 928
1597 928
986 938
669 938
97 10
159 17
607 85
1144 179
955 187
616 209
1487 337
1038 337
1390 337
806 349
649 493
693 493
1144 528
1100 655
192 692
1494 758
39 759
1293 770
406 800
1144 825
1284 834
459 835
1369 841
551 845
1192 882
765 895
1491 897
1013 904
1458 913
1057 915
1101 915
1313 921
1013 922
1481 922
1293 922
838 925
98 928
1390 933
1491 934
1370 941
148 943
1374 948
309 953
111 10
347 78
736 103
1221 208
1026 316
275 332
136 403
508 475
579 502
1037 769
905 834
615 835
615 841
1161 914
1634 918
129 921
806 932
849 932
499 933
985 943
985 944
212 946
985 953
314 46
314 319
684 500
1432 515
1101 557
1373 843
1373 871
985 904
499 904
999 914
1565 914
626 915
580 932
505 939
993 941
1613 941
485 942
941 953
610 85
773 112
610 117
279 337
140 337
529 345
1101 349
610 397
297 415
610 418
610 422
477 660
62 730
990 758
477 759
1577 833
1577 843
1446 843
649 902
534 904
908 922
979 928
1263 932
129 932
1665 941
1612 944
1512 954
270 32
203 91
202 115
270 163
780 191
1230 209
270 265
1026 302
270 312
270 325
569 729
585 729
1280 759
1149 781
1196 781
1046 793
270 831
967 832
1628 843
585 918
1376 921
1156 925
968 939
1405 941
1310 941
241 28
369 46
506 68
888 191
449 320
575 665
293 665
1642 665
1220 730
1642 758
1656 781
1391 781
363 784
998 835
575 904
651 904
293 914
188 919
1120 919
1417 922
1281 925
986 925
886 925
1642 925
207 928
1052 932
486 938
584 941
1317 243
656 344
309 346
1317 430
939 729
212 759
1308 759
1655 769
976 793
1602 793
293 832
587 835
480 843
587 843
905 873
1655 895
619 902
977 904
297 904
1120 904
702 912
1118 921
1655 922
466 925
1156 933
1156 938
1029 939
1398 944
1180 200
582 208
1036 337
81 484
505 500
1362 500
424 508
853 520
703 545
853 603
81 627
21 665
851 665
727 727
1657 740
1657 741
1657 742
292 759
1043 769
1060 781
1509 809
1657 818
1657 840
1197 841
1550 902
1043 922
534 930
639 938
472 938
419 939
851 939
871 948
363 46
507 68
725 102
402 188
555 199
478 237
750 242
827 260
711 337
1404 337
663 365
208 387
651 416
507 476
507 645
1575 665
827 758
494 781
1591 781
711 835
583 843
356 845
841 914
478 915
1414 918
477 918
1591 928
711 939
1461 939
760 107
760 217
1225 266
760 266
14 349
1362 479
234 497
1182 584
1182 617
1606 843
1043 904
489 914
935 955
81 9
81 43
81 211
1474 321
523 343
81 406
81 407
241 416
241 467
1225 537
81 584
991 665
1087 665
679 665
1112 665
81 688
234 760
1665 781
81 827
1291 833
1120 835
1513 871
1514 882
1638 904
1511 914
472 915
1513 915
1070 919
1685 930
819 933
852 933
1372 933
194 939
1331 948
900 953
1084 209
190 337
42 446
1232 487
343 537
688 596
153 601
741 665
153 705
443 729
483 781
1295 781
1344 781
756 832
1663 836
290 841
908 843
285 863
1497 913
1553 914
990 915
1200 915
452 918
1002 928
483 928
121 930
1391 932
190 933
491 933
1497 938
520 151
165 207
1328 248
1328 249
1154 255
181 292
408 337
1328 399
212 415
169 416
1328 462
1151 464
124 468
1328 472
437 601
472 665
611 729
962 834
124 863
999 904
1357 904
644 914
279 914
591 914
1589 928
999 932
1038 933
1087 933
408 938
840 938
1662 939
1087 939
859 137
381 157
168 404
543 415
204 563
702 661
1018 781
1305 793
1584 833
613 833
988 871
1535 877
334 904
1025 914
1018 915
482 921
1617 925
477 932
393 107
1297 237
591 245
1297 255
1198 337
1310 337
1369 781
797 808
543 828
1054 873
619 915
1042 919
588 930
0 933
591 939
899 239
899 260
962 285
725 296
1037 346
797 469
1464 665
1064 758
1144 807
1671 876
1671 908
471 928
1399 941
1610 943
622 87
28 181
1252 327
329 376
910 388
329 552
1371 665
1198 720
658 758
329 829
1057 841
1121 841
14 873
1123 922
998 928
14 933
626 943
1469 943
1556 454
560 627
560 645
1629 665
560 790
1074 841
1198 930
1652 932
132 933
1652 939
415 942
107 948
65 8
312 130
347 277
903 321
338 333
1237 603
1294 730
1236 759
1357 769
1278 793
1334 841
271 845
285 899
824 928
642 929
1195 933
1195 938
909 945
1648 953
130 12
19 12
759 119
655 170
130 257
364 295
194 337
877 337
130 520
838 627
171 729
1037 729
1610 729
1044 793
1407 834
1066 921
1000 928
1083 938
121 955
532 75
1356 260
517 337
1402 347
967 372
1356 493
1424 536
106 614
106 662
1169 665
699 717
1359 729
1597 729
156 758
714 759
1396 781
714 793
1068 809
1068 810
1288 871
471 902
1346 902
1401 914
649 914
1668 915
1393 915
1382 918
1160 921
517 925
1045 928
1616 932
517 933
1393 937
1596 941
367 46
378 46
367 89
465 207
275 224
1450 299
571 321
1086 321
683 337
1489 337
1069 337
1170 345
1008 404
1462 404
236 415
1110 415
1187 470
994 493
378 528
367 541
1450 575
797 638
797 650
1641 665
1005 665
799 665
1197 730
475 758
1462 759
1274 759
1098 759
1013 769
826 781
1484 781
1465 781
1345 793
378 825
745 832
576 834
1008 834
1073 834
1031 835
281 835
1091 835
1641 841
1615 841
1369 902
806 904
1643 904
840 914
1296 914
1596 915
1628 918
1505 918
1170 918
1240 919
840 925
29 928
425 928
1069 932
1277 938
496 939
571 941
29 941
837 941
1669 941
465 948
474 955
297 198
46 205
297 211
297 230
724 260
46 335
28 340
1013 415
135 487
724 493
1562 522
1523 588
1572 621
1234 647
1572 662
574 665
1090 729
1572 811
1572 812
915 875
1488 904
977 912
1654 921
1013 953
297 45
909 149
885 174
1153 310
543 341
909 352
885 454
602 461
86 483
19 639
315 684
909 747
365 808
234 830
915 912
332 918
1653 939
82 9
437 75
946 163
632 164
626 208
19 209
297 231
297 233
315 387
1042 415
136 454
297 484
297 648
280 665
946 729
738 794
1414 832
465 833
954 914
644 918
644 932
211 24
1178 190
169 209
269 268
314 324
1572 438
14 487
1523 584
650 769
693 914
970 919
1622 932
1095 933
457 943
993 945
457 945
297 117
581 207
998 345
1397 349
28 440
568 904
1295 925
1142 930
828 945
1407 953
297 42
1190 194
985 214
1304 237
1304 238
115 312
1501 349
1347 663
1304 699
1304 716
1304 809
1076 810
1459 819
483 845
983 871
406 886
1340 910
568 933
0 944
993 946
574 948
429 55
614 86
635 120
138 189
297 235
184 237
1013 238
1076 238
1076 239
1100 239
184 255
532 409
1211 487
1160 500
532 544
981 665
1076 699
1076 713
867 719
1505 729
1088 759
574 769
362 781
1013 871
1100 871
840 892
362 902
21 903
574 904
1672 907
1616 918
414 930
1026 941
1088 943
951 164
1059 237
1200 239
297 255
505 273
1249 292
588 601
1561 603
1090 617
1249 632
1249 642
1249 653
1255 690
1100 713
194 729
506 861
1288 873
1338 903
938 918
698 938
439 939
1226 209
662 239
644 273
591 273
1067 279
735 348
905 349
297 407
1582 464
941 515
1557 589
403 643
14 771
644 832
1152 877
1304 914
955 930
140 933
1213 940
961 948
15 2
231 27
231 47
297 186
309 204
1287 238
1287 239
211 246
1434 346
835 404
1159 456
231 467
309 485
1227 500
990 665
983 667
1287 715
1315 720
983 835
169 871
54 903
1504 910
1216 914
1043 919
1503 925
1227 932
1503 938
1434 945
916 152
297 176
571 207
1156 343
168 493
887 516
916 581
1505 665
916 688
916 748
168 904
971 904
650 904
1043 913
64 943
16 952
764 109
785 162
1304 255
1312 260
508 318
571 347
944 350
853 403
785 427
742 467
508 477
1123 569
1093 665
1605 665
853 666
1357 699
1357 713
1391 715
1357 715
1357 768
651 769
293 769
297 809
742 829
742 831
1094 833
693 841
1000 871
983 872
897 918
764 931
1405 933
764 935
764 936
1577 939
1513 946
503 67
1281 239
275 292
122 322
396 325
23 407
396 539
540 685
1431 715
983 834
1344 841
575 873
1630 904
465 904
839 904
995 918
575 919
457 932
1084 938
1595 938
1333 945
396 48
409 126
509 126
785 195
785 200
1227 209
888 246
785 266
508 286
1466 312
794 329
345 338
571 346
1502 349
409 442
509 476
785 477
509 603
683 665
1591 665
1305 699
782 699
782 713
1305 715
385 735
86 749
568 767
905 835
826 841
396 881
212 904
140 904
396 906
1081 918
794 935
1048 938
908 946
424 53
730 165
1209 201
1322 246
1325 247
1322 247
1322 249
1325 250
1322 250
489 260
1322 312
1560 417
1560 435
1325 462
1322 462
1583 468
1467 476
1209 605
1102 665
1325 671
1322 671
297 715
489 715
1322 757
1560 778
1583 834
1094 834
297 835
1662 835
429 854
1588 856
1509 914
1632 938
498 939
665 955
1439 956
1047 260
1357 260
256 380
1539 388
1357 493
1100 493
256 676
1576 699
1576 716
55 737
1047 758
1576 767
1576 768
1504 875
470 883
169 904
486 914
39 918
1105 918
1637 925
148 939
487 940
998 208
1224 208
1309 238
1229 329
1214 337
1574 665
1604 665
1225 783
665 871
665 873
588 875
1511 898
1029 903
1434 904
1413 918
1273 918
1665 932
1405 938
1224 938
1371 938
1665 939
646 948
1671 949
530 76
614 200
1043 239
1152 246
1454 352
371 380
483 416
614 480
1454 576
398 587
752 647
530 662
1461 665
530 682
1120 809
1002 832
413 832
1043 833
1043 836
1093 872
1238 884
1628 903
1238 920
990 932
1587 938
139 939
977 956
147 31
438 56
737 139
893 145
1013 239
655 255
490 255
1013 260
499 260
551 347
147 387
829 416
1013 493
1013 699
1013 713
490 713
1013 715
490 715
1013 716
490 716
499 716
1412 729
583 729
1013 767
1365 918
832 925
1490 932
1490 933
680 940
1439 954
977 959
1326 247
1326 249
1326 250
672 255
1100 260
1227 268
208 310
1113 337
1558 416
7 421
22 458
1326 472
1326 541
391 715
943 748
305 753
1120 836
1278 871
677 871
1278 873
651 903
169 914
820 934
1032 938
1684 949
1674 949
1455 949
84 9
305 38
787 117
853 134
98 238
220 312
853 366
220 391
787 418
1245 502
868 546
1621 573
1245 610
503 653
761 665
505 682
1621 684
1621 695
575 699
1415 714
1415 716
1236 729
1012 729
575 767
1621 884
1621 911
920 948
1682 949
1683 949
915 956
915 959
738 176
738 272
944 279
225 322
1027 415
225 464
872 487
509 516
509 640
554 692
736 712
509 846
1644 918
615 955
86 9
856 134
856 186
181 205
856 266
1451 606
1100 649
1451 649
127 681
391 699
1477 882
581 904
575 920
1004 945
273 70
576 96
273 168
273 180
985 233
985 237
575 239
1456 352
850 387
575 715
985 716
575 716
1088 729
850 734
985 768
985 769
850 823
985 833
985 834
985 919
152 925
96 943
470 944
1 0
54 7
539 76
539 85
401 113
539 186
1150 188
166 233
1040 238
1040 239
1040 260
305 326
1150 468
112 475
166 485
963 493
1040 493
1040 699
1040 713
1040 716
1040 767
1040 768
1120 832
1040 833
539 856
1283 871
1122 871
1399 938
1399 945
1670 949
604 957
12 2
521 72
83 164
653 237
677 238
677 255
701 257
677 260
83 289
1486 337
521 362
1198 440
521 479
653 493
1244 549
12 572
521 647
586 665
677 699
1310 715
424 728
12 828
575 834
276 875
671 903
1651 957
345 45
397 48
847 130
844 200
1078 237
465 238
847 271
847 286
1488 337
345 340
1208 430
844 582
847 603
1507 665
847 682
844 688
769 856
1451 872
956 895
1551 904
1285 918
419 918
410 956
1685 956
1685 959
281 182
391 238
1312 239
391 239
1313 239
1120 255
575 260
391 260
839 337
33 337
1532 371
1532 378
1532 381
1532 387
66 440
204 477
204 516
522 618
951 639
951 660
1036 674
575 713
391 713
965 715
1313 715
1590 729
117 734
769 749
575 768
1013 768
1079 819
1532 824
611 863
1584 903
496 910
1641 918
33 933
951 935
33 938
959 939
1675 949
1676 949
1399 953
1228 209
672 237
1078 255
1216 337
1546 393
1548 399
1548 462
1228 521
1546 635
1548 637
1548 651
584 729
954 925
1216 932
1491 933
1491 938
1216 939
672 940
29 943
1685 954
1490 337
262 425
1078 716
1422 819
672 835
1203 932
1203 939
662 948
121 957
128 33
124 33
965 239
1101 255
414 348
1514 356
1514 371
970 444
242 584
212 699
1100 699
212 767
1120 769
1120 833
977 871
1484 873
1313 903
566 903
566 918
1298 918
1484 925
500 932
500 933
1520 938
1680 949
1439 961
227 256
1481 337
714 344
714 416
1559 416
15 599
1078 715
1045 729
575 810
575 835
1045 835
734 871
1078 871
104 877
1022 904
1559 932
1054 939
1288 940
1567 945
410 959
1439 959
20 3
824 170
862 191
714 207
218 214
862 219
1181 226
677 237
1120 237
457 238
457 239
1399 344
478 345
470 347
624 371
824 416
862 417
624 421
677 493
310 665
1342 665
1643 665
152 729
218 777
672 810
1120 834
672 871
672 872
672 873
1103 903
471 943
714 944
1155 945
714 945
935 957
134 12
795 122
1128 170
1220 207
1220 208
653 255
134 280
1163 344
1128 346
229 463
283 665
1367 665
1569 665
489 699
653 713
489 713
653 716
1622 729
872 753
283 758
489 767
489 768
1607 769
1508 769
1235 819
1042 819
649 833
1212 846
1576 871
653 871
734 872
169 872
1576 872
1404 910
502 914
838 914
1355 918
1409 918
1057 918
493 918
65 919
662 930
1396 932
502 932
838 932
1489 933
1607 938
502 939
1128 943
1163 944
1612 946
1367 946
1066 946
238 28
378 102
659 170
1218 207
1219 207
1223 208
966 209
752 237
1303 239
703 251
1350 255
119 255
635 280
378 319
1492 337
1223 344
806 345
119 345
1223 347
602 412
238 467
267 589
635 664
970 665
1218 665
1627 665
1064 665
1303 699
1089 699
1350 715
1089 715
1089 716
643 729
1303 767
1089 768
575 809
1350 809
1303 810
1026 832
1043 834
1615 835
403 914
791 914
150 918
1219 918
1559 918
1247 918
267 921
1493 925
666 925
267 928
1493 932
286 932
806 933
1493 933
1296 933
267 935
806 939
994 946
488 946
575 961
28 4
1096 238
1207 275
1557 450
1248 647
1248 664
1309 715
957 769
1043 871
1043 875
522 72
1059 238
1308 239
1059 239
1081 239
1308 260
1399 273
1225 502
1437 559
1441 720
414 729
1059 769
527 819
674 871
674 872
965 910
1551 910
977 954
1124 958
619 87
636 98
743 104
743 113
619 239
619 260
688 266
588 273
743 319
774 340
1098 468
743 542
743 582
1560 688
1477 699
662 699
1305 716
1305 767
662 767
662 768
993 769
1598 819
615 819
961 903
305 903
447 237
1303 237
1303 255
604 255
1303 260
1102 260
1306 273
1208 447
406 479
1306 715
954 717
221 741
1303 809
971 833
1202 835
957 871
1202 871
1662 910
1303 914
1499 914
534 954
1515 954
147 15
338 44
221 58
1040 237
1096 239
1305 255
1040 255
1092 255
751 273
221 387
809 458
465 493
17 584
1096 715
275 723
221 760
971 769
465 769
649 809
1164 809
1040 809
1092 809
1040 810
1092 810
1123 832
64 833
971 835
649 871
619 871
1667 871
1115 871
1612 872
619 872
1043 872
491 872
362 877
414 903
1631 910
1333 918
1577 918
484 919
64 956
143 959
146 33
287 35
516 78
867 139
943 163
1177 197
1229 209
676 238
447 239
465 239
908 239
676 239
676 260
1304 468
1229 599
1043 699
676 699
676 713
1304 714
676 715
676 716
1591 729
342 749
676 758
676 767
1043 768
676 768
287 791
1304 805
677 805
1123 809
903 810
984 810
1623 819
563 854
342 856
1466 863
762 866
903 871
654 871
1309 871
1309 872
867 881
1602 903
642 910
1367 910
112 910
799 918
935 947
734 954
1089 959
23 3
606 85
606 211
574 237
465 237
1123 237
1306 238
64 238
574 238
1308 238
1307 239
64 239
574 239
1012 239
581 239
574 255
1000 255
574 260
465 260
23 265
939 273
824 273
814 345
21 468
1436 477
64 493
574 493
1012 493
1308 493
676 493
238 601
64 699
574 699
465 699
1305 713
64 713
574 713
1308 713
465 713
828 715
64 715
574 715
1000 715
1627 715
64 716
797 723
64 767
1308 767
1627 767
64 768
574 768
1013 805
1360 805
971 809
447 809
581 809
447 810
1123 810
830 819
224 819
1075 833
1075 836
212 866
1360 866
1306 871
1632 871
1075 871
1000 872
1306 872
1075 872
1075 873
994 903
1296 910
1293 919
1685 947
143 961
1089 961
400 48
400 105
447 238
581 255
400 387
1094 404
1030 714
309 729
1094 805
850 875
194 903
1073 903
1220 903
1142 947
143 956
334 956
334 959
1457 961
334 961
383 159
685 238
500 273
1228 290
0 303
1287 404
0 419
1287 468
685 493
1654 713
1287 714
1654 715
1654 716
1654 768
169 805
297 805
1287 805
685 833
169 836
984 871
1547 872
500 914
383 946
64 8
1163 260
797 279
1207 280
464 294
1515 356
482 541
1207 552
1389 647
86 649
797 700
1350 714
1076 714
86 738
1469 799
1422 866
1515 875
483 918
143 947
1679 949
575 954
28 961
312 39
347 45
504 68
197 126
1377 268
504 271
1398 273
867 312
1513 352
197 378
197 395
312 440
504 603
504 627
94 639
312 649
504 653
457 714
1659 740
1659 741
1659 742
350 805
1112 805
1659 814
1659 815
1659 816
828 871
828 872
653 872
1513 872
604 956
397 168
392 229
1305 239
1305 260
0 316
1297 345
1245 410
392 444
1284 468
156 468
820 614
1163 713
391 714
1163 715
962 729
1163 767
422 799
391 866
1468 882
156 927
145 214
1064 237
1305 238
1053 238
1053 239
1064 255
275 330
1227 336
1358 374
254 378
1358 380
1358 384
1543 387
1358 387
1543 388
254 388
1306 404
217 404
949 414
1358 423
1306 468
217 468
1112 468
1064 493
949 503
145 519
1543 535
58 603
1543 616
507 617
254 680
1064 699
217 714
490 714
1053 715
507 753
998 769
1578 769
613 805
1306 805
1284 805
217 805
490 805
1543 824
507 833
1578 833
998 836
685 872
656 927
408 952
969 956
604 959
845 214
1022 239
1395 273
1259 286
1553 404
1553 468
185 656
845 681
1022 699
1022 713
1553 714
1022 715
1022 716
0 749
845 753
1022 767
1022 768
15 799
279 799
998 809
998 810
27 927
65 927
27 958
302 38
809 214
1409 279
21 584
508 603
508 604
1018 729
112 769
977 805
108 829
998 871
1227 871
1227 872
1021 958
1311 239
625 289
514 387
1078 468
1189 543
1078 714
1112 714
1078 805
957 833
286 918
904 927
1271 946
1656 958
1646 958
631 89
733 122
846 130
631 157
733 194
957 237
654 237
957 238
957 239
631 252
957 260
631 291
864 318
977 404
56 442
56 463
1307 493
159 502
846 605
846 712
1010 714
1442 715
1119 715
1442 716
631 760
957 767
664 769
1226 799
1067 799
957 805
654 809
957 810
654 810
429 863
493 872
1274 927
655 956
1067 958
1022 255
980 273
1427 355
957 468
181 603
1022 714
1489 715
585 799
121 799
674 799
1022 805
16 805
1465 872
1244 875
985 947
410 958
1562 958
885 145
1245 214
1541 385
1092 468
396 601
716 881
152 918
168 947
106 10
106 49
509 68
617 336
922 380
1206 410
10 410
147 467
147 599
61 680
635 685
106 717
509 752
1469 866
993 876
1550 918
28 956
1181 191
504 206
1022 238
1059 255
1059 260
220 522
1022 809
1059 810
1059 833
1059 835
1202 872
1317 318
1317 454
1317 487
73 552
1046 715
1672 949
1681 949
1670 950
1672 950
1684 950
1377 950
1676 950
1678 950
1681 950
1683 950
1672 951
1684 951
1377 951
1678 951
1681 951
1281 956
939 958
985 959
1281 961
1204 286
1204 288
1204 293
718 404
43 421
738 706
688 728
122 760
730 805
718 805
653 863
750 927
1671 950
1674 950
1455 950
1677 950
1455 951
1682 951
276 956
1477 961
276 961
565 339
718 468
352 520
720 606
811 691
666 729
899 749
1656 799
1679 950
1671 951
1676 951
1679 951
1683 951
1129 171
409 312
1129 371
1129 429
967 799
1295 799
1129 829
1423 866
1022 871
1129 912
1673 950
1675 950
1670 951
1673 951
1675 951
1677 951
271 33
781 115
98 260
489 404
781 558
237 590
781 638
781 683
98 713
98 768
1680 950
1674 951
1680 951
489 958
781 960
531 151
534 920
1619 956
1052 961
985 872
606 927
1652 927
422 950
1049 872
168 920
488 930
1595 956
1097 958
1595 959
69 9
69 84
69 152
69 282
69 778
984 961
1314 927
1466 854
956 952
116 883
